# NEST version: 3.5
# RecordingBackendASCII version: 2
sender	time_ms
162	710.200
166	710.300
123	710.400
568	710.400
684	710.400
843	710.400
871	710.400
1085	710.400
1526	710.400
337	710.500
390	710.500
451	710.500
856	710.500
1036	710.500
1538	710.500
1577	710.500
1598	710.500
57	710.600
211	710.600
627	710.600
647	710.600
1915	710.600
374	710.700
452	710.700
509	710.700
625	710.700
947	710.700
1329	710.700
1521	710.700
1608	710.700
1756	710.700
1880	710.700
2012	710.700
421	710.800
654	710.800
726	710.800
1394	710.800
1540	710.800
1785	710.800
1902	710.800
1909	710.800
1969	710.800
2063	710.800
292	710.900
315	710.900
727	710.900
944	710.900
1432	710.900
114	711.000
137	711.000
245	711.000
474	711.000
809	711.000
941	711.000
966	711.000
1016	711.000
1069	711.000
1242	711.000
1327	711.000
1477	711.000
1632	711.000
1724	711.000
1780	711.000
94	711.100
236	711.100
504	711.100
510	711.100
740	711.100
1023	711.100
1095	711.100
1257	711.100
1277	711.100
1312	711.100
1340	711.100
1774	711.100
1941	711.100
1967	711.100
1975	711.100
1985	711.100
231	711.200
278	711.200
366	711.200
377	711.200
438	711.200
455	711.200
517	711.200
586	711.200
602	711.200
664	711.200
1087	711.200
1113	711.200
1233	711.200
1234	711.200
1393	711.200
1467	711.200
1501	711.200
1527	711.200
1558	711.200
1779	711.200
1861	711.200
32	711.300
56	711.300
138	711.300
142	711.300
147	711.300
174	711.300
239	711.300
255	711.300
327	711.300
387	711.300
525	711.300
561	711.300
564	711.300
607	711.300
614	711.300
707	711.300
746	711.300
839	711.300
844	711.300
866	711.300
1097	711.300
1179	711.300
1184	711.300
1217	711.300
1260	711.300
1297	711.300
1349	711.300
1456	711.300
1487	711.300
1525	711.300
1537	711.300
1604	711.300
1790	711.300
1858	711.300
1979	711.300
2044	711.300
2055	711.300
12	711.400
43	711.400
73	711.400
127	711.400
194	711.400
227	711.400
257	711.400
282	711.400
436	711.400
527	711.400
528	711.400
560	711.400
566	711.400
596	711.400
659	711.400
683	711.400
733	711.400
759	711.400
766	711.400
823	711.400
859	711.400
945	711.400
1000	711.400
1033	711.400
1161	711.400
1230	711.400
1240	711.400
1346	711.400
1418	711.400
1454	711.400
1488	711.400
1739	711.400
1762	711.400
1842	711.400
1855	711.400
1968	711.400
1994	711.400
25	711.500
55	711.500
92	711.500
97	711.500
210	711.500
214	711.500
230	711.500
398	711.500
417	711.500
431	711.500
433	711.500
511	711.500
615	711.500
638	711.500
650	711.500
661	711.500
678	711.500
700	711.500
754	711.500
778	711.500
810	711.500
850	711.500
852	711.500
862	711.500
930	711.500
962	711.500
1026	711.500
1062	711.500
1165	711.500
1207	711.500
1214	711.500
1228	711.500
1258	711.500
1287	711.500
1305	711.500
1395	711.500
1430	711.500
1462	711.500
1470	711.500
1534	711.500
1542	711.500
1555	711.500
1574	711.500
1594	711.500
1618	711.500
1636	711.500
1708	711.500
1710	711.500
1741	711.500
1879	711.500
1947	711.500
2014	711.500
2043	711.500
2048	711.500
2058	711.500
5	711.600
34	711.600
63	711.600
70	711.600
75	711.600
91	711.600
103	711.600
109	711.600
161	711.600
232	711.600
259	711.600
262	711.600
265	711.600
272	711.600
284	711.600
285	711.600
363	711.600
378	711.600
389	711.600
396	711.600
406	711.600
420	711.600
434	711.600
553	711.600
558	711.600
569	711.600
646	711.600
648	711.600
731	711.600
744	711.600
758	711.600
832	711.600
834	711.600
910	711.600
968	711.600
977	711.600
978	711.600
989	711.600
1008	711.600
1039	711.600
1075	711.600
1107	711.600
1126	711.600
1200	711.600
1209	711.600
1241	711.600
1311	711.600
1377	711.600
1407	711.600
1410	711.600
1449	711.600
1459	711.600
1471	711.600
1511	711.600
1550	711.600
1571	711.600
1613	711.600
1642	711.600
1670	711.600
1682	711.600
1690	711.600
1692	711.600
1796	711.600
1823	711.600
1834	711.600
1884	711.600
1898	711.600
1938	711.600
1992	711.600
2023	711.600
2061	711.600
52	711.700
64	711.700
82	711.700
153	711.700
169	711.700
181	711.700
254	711.700
276	711.700
288	711.700
294	711.700
295	711.700
328	711.700
332	711.700
334	711.700
339	711.700
351	711.700
354	711.700
413	711.700
418	711.700
439	711.700
450	711.700
453	711.700
465	711.700
470	711.700
487	711.700
489	711.700
526	711.700
594	711.700
605	711.700
617	711.700
681	711.700
704	711.700
705	711.700
712	711.700
739	711.700
753	711.700
769	711.700
782	711.700
794	711.700
814	711.700
894	711.700
920	711.700
948	711.700
969	711.700
970	711.700
1004	711.700
1024	711.700
1031	711.700
1081	711.700
1089	711.700
1114	711.700
1153	711.700
1204	711.700
1206	711.700
1215	711.700
1272	711.700
1300	711.700
1344	711.700
1356	711.700
1369	711.700
1415	711.700
1450	711.700
1451	711.700
1512	711.700
1532	711.700
1599	711.700
1633	711.700
1640	711.700
1674	711.700
1711	711.700
1738	711.700
1860	711.700
1878	711.700
1896	711.700
1900	711.700
1923	711.700
1924	711.700
1940	711.700
1951	711.700
1977	711.700
1986	711.700
2010	711.700
2037	711.700
2067	711.700
90	711.800
116	711.800
155	711.800
185	711.800
226	711.800
256	711.800
260	711.800
289	711.800
300	711.800
329	711.800
414	711.800
416	711.800
425	711.800
432	711.800
505	711.800
516	711.800
523	711.800
537	711.800
559	711.800
571	711.800
584	711.800
597	711.800
609	711.800
652	711.800
671	711.800
680	711.800
741	711.800
747	711.800
749	711.800
777	711.800
787	711.800
803	711.800
829	711.800
868	711.800
869	711.800
891	711.800
898	711.800
908	711.800
924	711.800
940	711.800
942	711.800
950	711.800
983	711.800
997	711.800
1006	711.800
1037	711.800
1079	711.800
1121	711.800
1131	711.800
1159	711.800
1172	711.800
1174	711.800
1175	711.800
1178	711.800
1320	711.800
1328	711.800
1352	711.800
1421	711.800
1440	711.800
1444	711.800
1474	711.800
1478	711.800
1492	711.800
1516	711.800
1533	711.800
1553	711.800
1565	711.800
1610	711.800
1661	711.800
1667	711.800
1680	711.800
1693	711.800
1699	711.800
1722	711.800
1750	711.800
1758	711.800
1786	711.800
1808	711.800
1810	711.800
1815	711.800
1827	711.800
1831	711.800
1838	711.800
1891	711.800
1919	711.800
2034	711.800
2046	711.800
2052	711.800
2068	711.800
2	711.900
7	711.900
36	711.900
60	711.900
69	711.900
72	711.900
139	711.900
151	711.900
158	711.900
164	711.900
178	711.900
189	711.900
191	711.900
221	711.900
233	711.900
240	711.900
252	711.900
273	711.900
274	711.900
293	711.900
304	711.900
314	711.900
365	711.900
373	711.900
392	711.900
394	711.900
444	711.900
460	711.900
475	711.900
488	711.900
499	711.900
507	711.900
533	711.900
540	711.900
578	711.900
589	711.900
628	711.900
679	711.900
688	711.900
699	711.900
701	711.900
757	711.900
763	711.900
770	711.900
771	711.900
793	711.900
795	711.900
811	711.900
821	711.900
822	711.900
860	711.900
905	711.900
913	711.900
921	711.900
925	711.900
958	711.900
973	711.900
974	711.900
993	711.900
1058	711.900
1059	711.900
1092	711.900
1112	711.900
1117	711.900
1118	711.900
1122	711.900
1142	711.900
1147	711.900
1160	711.900
1202	711.900
1227	711.900
1236	711.900
1288	711.900
1298	711.900
1317	711.900
1318	711.900
1332	711.900
1334	711.900
1358	711.900
1366	711.900
1402	711.900
1427	711.900
1431	711.900
1490	711.900
1546	711.900
1561	711.900
1587	711.900
1588	711.900
1622	711.900
1664	711.900
1672	711.900
1703	711.900
1716	711.900
1727	711.900
1736	711.900
1746	711.900
1747	711.900
1763	711.900
1767	711.900
1802	711.900
1847	711.900
1854	711.900
1871	711.900
1913	711.900
1920	711.900
1935	711.900
1944	711.900
1948	711.900
1971	711.900
1976	711.900
2004	711.900
2019	711.900
2050	711.900
1	712.000
19	712.000
24	712.000
26	712.000
28	712.000
59	712.000
84	712.000
98	712.000
107	712.000
119	712.000
129	712.000
133	712.000
177	712.000
180	712.000
201	712.000
217	712.000
229	712.000
264	712.000
269	712.000
270	712.000
280	712.000
290	712.000
306	712.000
355	712.000
359	712.000
364	712.000
376	712.000
384	712.000
443	712.000
446	712.000
449	712.000
513	712.000
530	712.000
543	712.000
549	712.000
552	712.000
576	712.000
606	712.000
613	712.000
637	712.000
667	712.000
709	712.000
745	712.000
789	712.000
796	712.000
825	712.000
881	712.000
893	712.000
928	712.000
957	712.000
964	712.000
975	712.000
1002	712.000
1034	712.000
1052	712.000
1060	712.000
1086	712.000
1130	712.000
1151	712.000
1162	712.000
1176	712.000
1282	712.000
1326	712.000
1424	712.000
1439	712.000
1453	712.000
1503	712.000
1520	712.000
1557	712.000
1591	712.000
1624	712.000
1663	712.000
1673	712.000
1689	712.000
1725	712.000
1726	712.000
1745	712.000
1757	712.000
1768	712.000
1795	712.000
1803	712.000
1816	712.000
1844	712.000
1886	712.000
1892	712.000
1901	712.000
1905	712.000
1978	712.000
1991	712.000
2006	712.000
2015	712.000
2022	712.000
2025	712.000
2039	712.000
2064	712.000
6	712.100
20	712.100
38	712.100
45	712.100
76	712.100
87	712.100
110	712.100
126	712.100
128	712.100
159	712.100
190	712.100
200	712.100
220	712.100
235	712.100
237	712.100
241	712.100
251	712.100
305	712.100
322	712.100
323	712.100
353	712.100
385	712.100
395	712.100
409	712.100
424	712.100
462	712.100
467	712.100
469	712.100
471	712.100
486	712.100
494	712.100
539	712.100
550	712.100
581	712.100
582	712.100
592	712.100
600	712.100
619	712.100
631	712.100
634	712.100
703	712.100
721	712.100
743	712.100
751	712.100
765	712.100
792	712.100
798	712.100
818	712.100
831	712.100
838	712.100
841	712.100
863	712.100
879	712.100
991	712.100
1061	712.100
1078	712.100
1101	712.100
1102	712.100
1103	712.100
1123	712.100
1125	712.100
1140	712.100
1148	712.100
1208	712.100
1220	712.100
1321	712.100
1335	712.100
1341	712.100
1350	712.100
1362	712.100
1363	712.100
1385	712.100
1425	712.100
1429	712.100
1447	712.100
1464	712.100
1497	712.100
1500	712.100
1518	712.100
1522	712.100
1543	712.100
1570	712.100
1643	712.100
1644	712.100
1645	712.100
1653	712.100
1678	712.100
1688	712.100
1702	712.100
1732	712.100
1749	712.100
1755	712.100
1771	712.100
1784	712.100
1791	712.100
1819	712.100
1832	712.100
1888	712.100
1894	712.100
1907	712.100
1929	712.100
1930	712.100
1952	712.100
1954	712.100
1964	712.100
1974	712.100
1983	712.100
1984	712.100
2016	712.100
2032	712.100
2035	712.100
2038	712.100
2042	712.100
30	712.200
89	712.200
96	712.200
101	712.200
120	712.200
130	712.200
154	712.200
165	712.200
176	712.200
198	712.200
206	712.200
228	712.200
242	712.200
291	712.200
301	712.200
316	712.200
340	712.200
352	712.200
386	712.200
388	712.200
400	712.200
423	712.200
430	712.200
441	712.200
463	712.200
520	712.200
521	712.200
534	712.200
575	712.200
587	712.200
603	712.200
621	712.200
623	712.200
649	712.200
656	712.200
669	712.200
677	712.200
689	712.200
690	712.200
691	712.200
718	712.200
735	712.200
781	712.200
813	712.200
873	712.200
887	712.200
902	712.200
907	712.200
912	712.200
918	712.200
939	712.200
967	712.200
1001	712.200
1007	712.200
1013	712.200
1020	712.200
1047	712.200
1063	712.200
1066	712.200
1067	712.200
1094	712.200
1105	712.200
1116	712.200
1132	712.200
1144	712.200
1146	712.200
1157	712.200
1192	712.200
1224	712.200
1261	712.200
1279	712.200
1284	712.200
1291	712.200
1308	712.200
1313	712.200
1348	712.200
1354	712.200
1365	712.200
1367	712.200
1373	712.200
1382	712.200
1398	712.200
1399	712.200
1426	712.200
1435	712.200
1446	712.200
1473	712.200
1481	712.200
1502	712.200
1507	712.200
1528	712.200
1530	712.200
1545	712.200
1566	712.200
1572	712.200
1590	712.200
1595	712.200
1611	712.200
1625	712.200
1677	712.200
1697	712.200
1743	712.200
1752	712.200
1761	712.200
1777	712.200
1783	712.200
1789	712.200
1800	712.200
1806	712.200
1817	712.200
1821	712.200
1822	712.200
1828	712.200
1830	712.200
1840	712.200
1853	712.200
1856	712.200
1857	712.200
1882	712.200
1889	712.200
1910	712.200
1943	712.200
2002	712.200
2007	712.200
2033	712.200
2040	712.200
2056	712.200
2060	712.200
2066	712.200
3	712.300
33	712.300
48	712.300
67	712.300
68	712.300
104	712.300
121	712.300
134	712.300
145	712.300
195	712.300
213	712.300
248	712.300
302	712.300
303	712.300
324	712.300
362	712.300
372	712.300
375	712.300
393	712.300
419	712.300
427	712.300
445	712.300
481	712.300
497	712.300
535	712.300
565	712.300
573	712.300
583	712.300
630	712.300
658	712.300
666	712.300
674	712.300
682	712.300
716	712.300
723	712.300
725	712.300
764	712.300
775	712.300
806	712.300
854	712.300
861	712.300
882	712.300
884	712.300
888	712.300
889	712.300
890	712.300
892	712.300
904	712.300
926	712.300
931	712.300
951	712.300
954	712.300
995	712.300
1005	712.300
1018	712.300
1051	712.300
1071	712.300
1084	712.300
1093	712.300
1115	712.300
1119	712.300
1143	712.300
1173	712.300
1185	712.300
1210	712.300
1211	712.300
1223	712.300
1226	712.300
1232	712.300
1237	712.300
1248	712.300
1253	712.300
1262	712.300
1274	712.300
1276	712.300
1278	712.300
1285	712.300
1289	712.300
1303	712.300
1309	712.300
1310	712.300
1323	712.300
1324	712.300
1375	712.300
1380	712.300
1384	712.300
1405	712.300
1416	712.300
1420	712.300
1422	712.300
1441	712.300
1457	712.300
1468	712.300
1472	712.300
1499	712.300
1539	712.300
1549	712.300
1551	712.300
1556	712.300
1573	712.300
1602	712.300
1606	712.300
1607	712.300
1617	712.300
1621	712.300
1623	712.300
1626	712.300
1651	712.300
1666	712.300
1684	712.300
1687	712.300
1729	712.300
1744	712.300
1765	712.300
1787	712.300
1801	712.300
1804	712.300
1805	712.300
1835	712.300
1863	712.300
1887	712.300
1895	712.300
1906	712.300
1911	712.300
1912	712.300
1916	712.300
1925	712.300
1946	712.300
1959	712.300
1961	712.300
2001	712.300
2020	712.300
2027	712.300
2041	712.300
2057	712.300
14	712.400
53	712.400
71	712.400
88	712.400
118	712.400
124	712.400
141	712.400
150	712.400
179	712.400
203	712.400
205	712.400
318	712.400
321	712.400
338	712.400
343	712.400
370	712.400
408	712.400
482	712.400
492	712.400
532	712.400
585	712.400
610	712.400
611	712.400
657	712.400
676	712.400
748	712.400
773	712.400
776	712.400
785	712.400
788	712.400
805	712.400
820	712.400
837	712.400
851	712.400
865	712.400
867	712.400
895	712.400
896	712.400
899	712.400
916	712.400
923	712.400
961	712.400
985	712.400
986	712.400
1014	712.400
1041	712.400
1077	712.400
1096	712.400
1100	712.400
1109	712.400
1124	712.400
1152	712.400
1190	712.400
1212	712.400
1216	712.400
1259	712.400
1266	712.400
1271	712.400
1314	712.400
1322	712.400
1338	712.400
1374	712.400
1378	712.400
1381	712.400
1413	712.400
1419	712.400
1433	712.400
1452	712.400
1465	712.400
1476	712.400
1489	712.400
1496	712.400
1506	712.400
1519	712.400
1536	712.400
1554	712.400
1600	712.400
1629	712.400
1712	712.400
1717	712.400
1721	712.400
1733	712.400
1754	712.400
1781	712.400
1809	712.400
1813	712.400
1814	712.400
1845	712.400
1874	712.400
1876	712.400
1914	712.400
1931	712.400
1960	712.400
1999	712.400
2005	712.400
2009	712.400
2047	712.400
2062	712.400
11	712.500
29	712.500
40	712.500
47	712.500
65	712.500
66	712.500
78	712.500
85	712.500
99	712.500
108	712.500
125	712.500
163	712.500
188	712.500
199	712.500
209	712.500
212	712.500
279	712.500
286	712.500
296	712.500
297	712.500
356	712.500
358	712.500
379	712.500
383	712.500
426	712.500
466	712.500
478	712.500
508	712.500
515	712.500
541	712.500
542	712.500
557	712.500
562	712.500
580	712.500
590	712.500
595	712.500
604	712.500
608	712.500
641	712.500
645	712.500
668	712.500
686	712.500
719	712.500
722	712.500
742	712.500
774	712.500
808	712.500
812	712.500
816	712.500
824	712.500
826	712.500
827	712.500
840	712.500
858	712.500
915	712.500
919	712.500
922	712.500
932	712.500
952	712.500
982	712.500
994	712.500
1029	712.500
1049	712.500
1064	712.500
1080	712.500
1083	712.500
1110	712.500
1111	712.500
1134	712.500
1155	712.500
1158	712.500
1168	712.500
1188	712.500
1191	712.500
1194	712.500
1201	712.500
1203	712.500
1218	712.500
1249	712.500
1267	712.500
1268	712.500
1270	712.500
1275	712.500
1283	712.500
1316	712.500
1325	712.500
1337	712.500
1355	712.500
1376	712.500
1404	712.500
1411	712.500
1414	712.500
1428	712.500
1436	712.500
1455	712.500
1475	712.500
1509	712.500
1535	712.500
1562	712.500
1564	712.500
1580	712.500
1586	712.500
1596	712.500
1603	712.500
1646	712.500
1657	712.500
1662	712.500
1681	712.500
1706	712.500
1723	712.500
1731	712.500
1742	712.500
1759	712.500
1775	712.500
1807	712.500
1825	712.500
1859	712.500
1870	712.500
1917	712.500
1932	712.500
1958	712.500
1989	712.500
2018	712.500
2021	712.500
2024	712.500
15	712.600
16	712.600
44	712.600
51	712.600
54	712.600
62	712.600
112	712.600
117	712.600
152	712.600
170	712.600
183	712.600
202	712.600
258	712.600
268	712.600
299	712.600
309	712.600
341	712.600
345	712.600
402	712.600
410	712.600
412	712.600
440	712.600
448	712.600
457	712.600
468	712.600
484	712.600
500	712.600
556	712.600
591	712.600
632	712.600
655	712.600
662	712.600
670	712.600
675	712.600
694	712.600
697	712.600
730	712.600
732	712.600
752	712.600
755	712.600
756	712.600
762	712.600
767	712.600
772	712.600
780	712.600
799	712.600
817	712.600
842	712.600
845	712.600
848	712.600
857	712.600
864	712.600
876	712.600
880	712.600
885	712.600
927	712.600
937	712.600
1011	712.600
1015	712.600
1021	712.600
1040	712.600
1057	712.600
1091	712.600
1182	712.600
1187	712.600
1222	712.600
1243	712.600
1244	712.600
1250	712.600
1264	712.600
1296	712.600
1301	712.600
1315	712.600
1345	712.600
1359	712.600
1360	712.600
1371	712.600
1386	712.600
1387	712.600
1392	712.600
1397	712.600
1401	712.600
1442	712.600
1443	712.600
1448	712.600
1483	712.600
1485	712.600
1560	712.600
1569	712.600
1578	712.600
1579	712.600
1582	712.600
1585	712.600
1605	712.600
1641	712.600
1647	712.600
1649	712.600
1652	712.600
1656	712.600
1685	712.600
1694	712.600
1704	712.600
1719	712.600
1730	712.600
1734	712.600
1735	712.600
1751	712.600
1766	712.600
1769	712.600
1776	712.600
1792	712.600
1794	712.600
1833	712.600
1846	712.600
1872	712.600
1918	712.600
1934	712.600
1939	712.600
1956	712.600
1972	712.600
1997	712.600
1998	712.600
2000	712.600
2028	712.600
41	712.700
74	712.700
79	712.700
111	712.700
175	712.700
208	712.700
216	712.700
222	712.700
263	712.700
275	712.700
307	712.700
308	712.700
326	712.700
342	712.700
360	712.700
367	712.700
371	712.700
428	712.700
429	712.700
454	712.700
480	712.700
485	712.700
490	712.700
493	712.700
502	712.700
503	712.700
506	712.700
531	712.700
546	712.700
572	712.700
588	712.700
651	712.700
653	712.700
687	712.700
833	712.700
835	712.700
877	712.700
900	712.700
911	712.700
917	712.700
929	712.700
938	712.700
963	712.700
971	712.700
988	712.700
990	712.700
992	712.700
999	712.700
1019	712.700
1022	712.700
1027	712.700
1044	712.700
1045	712.700
1070	712.700
1072	712.700
1104	712.700
1108	712.700
1128	712.700
1138	712.700
1141	712.700
1156	712.700
1163	712.700
1177	712.700
1189	712.700
1193	712.700
1199	712.700
1213	712.700
1219	712.700
1239	712.700
1269	712.700
1280	712.700
1295	712.700
1299	712.700
1333	712.700
1339	712.700
1403	712.700
1482	712.700
1508	712.700
1513	712.700
1517	712.700
1531	712.700
1563	712.700
1567	712.700
1568	712.700
1581	712.700
1609	712.700
1612	712.700
1614	712.700
1615	712.700
1630	712.700
1648	712.700
1675	712.700
1696	712.700
1740	712.700
1760	712.700
1837	712.700
1841	712.700
1851	712.700
1866	712.700
1873	712.700
1877	712.700
1890	712.700
1942	712.700
1949	712.700
1950	712.700
1962	712.700
1970	712.700
2003	712.700
2011	712.700
2036	712.700
13	712.800
27	712.800
46	712.800
81	712.800
105	712.800
122	712.800
143	712.800
149	712.800
167	712.800
207	712.800
215	712.800
238	712.800
247	712.800
267	712.800
277	712.800
281	712.800
283	712.800
287	712.800
311	712.800
325	712.800
331	712.800
349	712.800
369	712.800
397	712.800
415	712.800
435	712.800
464	712.800
477	712.800
496	712.800
501	712.800
567	712.800
579	712.800
598	712.800
612	712.800
618	712.800
622	712.800
643	712.800
692	712.800
698	712.800
706	712.800
728	712.800
736	712.800
738	712.800
768	712.800
786	712.800
797	712.800
802	712.800
807	712.800
878	712.800
909	712.800
955	712.800
981	712.800
1038	712.800
1043	712.800
1050	712.800
1090	712.800
1149	712.800
1154	712.800
1166	712.800
1196	712.800
1205	712.800
1255	712.800
1265	712.800
1294	712.800
1336	712.800
1368	712.800
1370	712.800
1372	712.800
1434	712.800
1458	712.800
1460	712.800
1461	712.800
1484	712.800
1493	712.800
1505	712.800
1524	712.800
1548	712.800
1552	712.800
1575	712.800
1576	712.800
1592	712.800
1650	712.800
1671	712.800
1679	712.800
1698	712.800
1707	712.800
1709	712.800
1728	712.800
1753	712.800
1793	712.800
1799	712.800
1811	712.800
1818	712.800
1824	712.800
1826	712.800
1829	712.800
1843	712.800
1875	712.800
1883	712.800
1885	712.800
1922	712.800
1928	712.800
1945	712.800
1963	712.800
1965	712.800
1973	712.800
1982	712.800
1988	712.800
1995	712.800
1996	712.800
2030	712.800
2045	712.800
2051	712.800
2053	712.800
2059	712.800
22	712.900
23	712.900
61	712.900
86	712.900
123	712.900
132	712.900
140	712.900
166	712.900
187	712.900
223	712.900
224	712.900
234	712.900
243	712.900
250	712.900
271	712.900
335	712.900
346	712.900
407	712.900
437	712.900
472	712.900
479	712.900
495	712.900
498	712.900
518	712.900
547	712.900
548	712.900
620	712.900
665	712.900
790	712.900
804	712.900
849	712.900
855	712.900
875	712.900
906	712.900
946	712.900
965	712.900
984	712.900
1009	712.900
1010	712.900
1017	712.900
1030	712.900
1032	712.900
1065	712.900
1073	712.900
1074	712.900
1076	712.900
1088	712.900
1099	712.900
1150	712.900
1164	712.900
1229	712.900
1245	712.900
1246	712.900
1254	712.900
1263	712.900
1281	712.900
1286	712.900
1304	712.900
1306	712.900
1343	712.900
1357	712.900
1400	712.900
1466	712.900
1597	712.900
1631	712.900
1639	712.900
1714	712.900
1718	712.900
1748	712.900
1778	712.900
1798	712.900
1812	712.900
1848	712.900
1908	712.900
1921	712.900
1957	712.900
2008	712.900
2029	712.900
2049	712.900
10	713.000
39	713.000
100	713.000
131	713.000
135	713.000
136	713.000
193	713.000
204	713.000
218	713.000
219	713.000
249	713.000
266	713.000
319	713.000
320	713.000
337	713.000
348	713.000
404	713.000
599	713.000
633	713.000
684	713.000
695	713.000
711	713.000
717	713.000
750	713.000
761	713.000
779	713.000
791	713.000
819	713.000
836	713.000
846	713.000
871	713.000
883	713.000
1025	713.000
1028	713.000
1082	713.000
1135	713.000
1169	713.000
1170	713.000
1197	713.000
1293	713.000
1347	713.000
1388	713.000
1389	713.000
1408	713.000
1412	713.000
1445	713.000
1494	713.000
1498	713.000
1523	713.000
1538	713.000
1544	713.000
1547	713.000
1559	713.000
1598	713.000
1619	713.000
1638	713.000
1686	713.000
1691	713.000
1772	713.000
1788	713.000
1862	713.000
1867	713.000
1893	713.000
2017	713.000
31	713.100
144	713.100
171	713.100
172	713.100
184	713.100
253	713.100
312	713.100
357	713.100
381	713.100
399	713.100
403	713.100
447	713.100
451	713.100
461	713.100
473	713.100
514	713.100
524	713.100
554	713.100
555	713.100
601	713.100
624	713.100
639	713.100
724	713.100
843	713.100
853	713.100
856	713.100
870	713.100
903	713.100
935	713.100
972	713.100
980	713.100
987	713.100
1003	713.100
1035	713.100
1054	713.100
1098	713.100
1136	713.100
1186	713.100
1225	713.100
1238	713.100
1251	713.100
1292	713.100
1480	713.100
1486	713.100
1491	713.100
1515	713.100
1541	713.100
1577	713.100
1627	713.100
1668	713.100
1683	713.100
1701	713.100
1715	713.100
1720	713.100
1849	713.100
1864	713.100
1881	713.100
1904	713.100
1955	713.100
1966	713.100
1980	713.100
2013	713.100
2031	713.100
50	713.200
146	713.200
211	713.200
225	713.200
313	713.200
347	713.200
380	713.200
411	713.200
522	713.200
551	713.200
570	713.200
647	713.200
714	713.200
729	713.200
737	713.200
872	713.200
897	713.200
959	713.200
976	713.200
996	713.200
1012	713.200
1085	713.200
1137	713.200
1180	713.200
1195	713.200
1319	713.200
1331	713.200
1351	713.200
1391	713.200
1437	713.200
1463	713.200
1526	713.200
1593	713.200
1700	713.200
1737	713.200
1820	713.200
1865	713.200
1903	713.200
1926	713.200
1937	713.200
8	713.300
102	713.300
160	713.300
317	713.300
344	713.300
374	713.300
452	713.300
715	713.300
953	713.300
1046	713.300
1133	713.300
1290	713.300
1302	713.300
1583	713.300
1601	713.300
1933	713.300
2012	713.300
197	713.400
568	713.400
936	713.400
1106	713.400
1417	713.400
1521	713.400
1529	713.400
1608	713.400
1342	713.500
1909	713.500
2012	737.900
374	738.200
211	738.300
166	738.500
1861	738.500
1909	738.800
1526	739.100
568	739.300
1036	739.600
1598	739.600
843	739.700
1979	739.700
866	739.800
557	739.900
1069	739.900
1577	739.900
282	740.000
451	740.100
941	740.200
664	740.300
51	740.400
63	740.400
528	740.400
944	740.400
1606	740.400
1274	740.500
1440	740.500
25	740.600
34	740.600
92	740.600
138	740.600
289	740.600
1329	740.600
6	740.700
1260	740.700
1497	740.700
235	740.800
1037	740.800
263	740.900
398	740.900
1902	740.900
110	741.000
452	741.000
879	741.000
1449	741.000
1879	741.000
231	741.100
628	741.100
1033	741.100
1611	741.100
1791	741.100
147	741.200
236	741.200
292	741.200
294	741.200
966	741.200
1573	741.200
1971	741.200
417	741.300
418	741.300
930	741.300
1049	741.300
1538	741.300
78	741.400
159	741.400
390	741.400
586	741.400
878	741.400
919	741.400
1430	741.400
133	741.500
477	741.500
753	741.500
1185	741.500
1525	741.500
2025	741.500
473	741.600
634	741.600
1432	741.600
217	741.700
1613	741.800
377	741.900
408	741.900
583	741.900
1521	741.900
1585	741.900
277	742.000
393	742.000
958	742.000
1633	742.000
1726	742.000
57	742.100
1580	742.100
445	742.200
1810	742.200
1827	742.200
1019	742.300
1951	742.300
119	742.400
449	742.400
907	742.400
1099	742.400
1311	742.400
1758	742.400
332	742.500
352	742.500
1006	742.500
1346	742.500
1454	742.500
694	742.600
700	742.600
1114	742.600
1208	742.600
1388	742.600
1354	742.700
1572	742.700
1759	742.700
667	742.800
758	742.800
891	742.800
1084	742.800
1825	742.800
1062	742.900
1392	742.900
1393	742.900
2044	742.900
214	743.000
241	743.000
471	743.000
527	743.000
939	743.000
1162	743.000
2012	743.000
794	743.100
940	743.100
947	743.100
1462	743.100
1545	743.100
1985	743.100
59	743.200
161	743.200
521	743.200
659	743.200
920	743.200
1113	743.200
1178	743.200
1272	743.200
1305	743.200
1861	743.200
2027	743.200
434	743.300
810	743.300
1188	743.300
1395	743.300
1787	743.300
1874	743.300
2055	743.300
428	743.400
431	743.400
671	743.400
675	743.400
1402	743.400
1640	743.400
26	743.500
366	743.500
649	743.500
822	743.500
848	743.500
1008	743.500
1116	743.500
1275	743.500
1609	743.500
421	743.600
587	743.600
1165	743.600
1270	743.600
1558	743.600
29	743.700
245	743.700
535	743.700
721	743.700
1051	743.700
1335	743.700
1670	743.700
162	743.800
364	743.800
381	743.800
894	743.800
1471	743.800
1828	743.800
199	743.900
873	743.900
1204	743.900
1487	743.900
1776	743.900
1915	743.900
123	744.000
315	744.000
1664	744.000
1649	744.100
1708	744.100
1945	744.100
1467	744.200
174	744.400
1924	744.500
1941	744.500
224	744.600
2012	752.500
1037	753.000
245	753.200
294	753.200
739	753.300
1320	753.300
1217	753.400
699	753.600
930	753.700
1879	753.700
390	753.900
1039	753.900
82	754.100
235	754.100
607	754.100
944	754.100
1081	754.200
1861	754.200
528	754.300
1938	754.300
352	754.400
810	754.400
1945	754.400
766	754.600
211	754.700
794	754.700
285	754.800
1661	754.800
1858	754.800
301	754.900
741	754.900
1924	754.900
199	755.000
1027	755.100
1113	755.100
676	755.200
1909	755.300
26	755.400
777	755.400
1992	755.400
1062	755.500
332	755.700
1234	755.700
1440	755.700
2044	755.700
374	755.800
1227	755.800
92	755.900
366	756.100
1161	756.100
6	756.200
166	756.200
282	756.200
1069	756.200
1471	756.200
521	756.300
669	756.300
1097	756.300
1340	756.300
1352	756.300
1822	756.300
1230	756.400
142	756.500
1016	756.500
1656	756.500
1971	756.500
568	756.600
958	756.600
1026	756.600
227	756.700
239	756.700
809	756.700
1828	756.700
24	756.800
165	756.800
707	756.800
1632	756.800
1810	756.800
389	756.900
852	756.900
1184	756.900
1598	756.900
712	757.000
1242	757.000
1941	757.000
255	757.100
289	757.100
1260	757.100
1369	757.100
2043	757.100
11	757.200
503	757.200
803	757.200
1558	757.200
910	757.300
1532	757.300
1633	757.300
418	757.400
664	757.400
671	757.400
1121	757.400
1401	757.400
1487	757.400
1488	757.400
1591	757.400
138	757.500
220	757.500
1248	757.500
2027	757.500
29	757.600
214	757.600
364	757.600
1753	757.600
1979	757.700
587	757.800
1165	757.800
194	757.900
408	757.900
583	757.900
1015	757.900
1278	757.900
1787	757.900
224	758.000
260	758.000
315	758.000
879	758.000
946	758.000
1008	758.000
1034	758.000
1036	758.000
1335	758.000
1430	758.000
2038	758.000
57	758.100
64	758.100
162	758.100
445	758.100
505	758.100
841	758.100
873	758.100
1162	758.100
1739	758.100
1977	758.100
76	758.200
133	758.200
268	758.200
426	758.200
511	758.200
659	758.200
1033	758.200
1348	758.200
1395	758.200
1419	758.200
1556	758.200
2012	758.200
75	758.300
153	758.300
206	758.300
377	758.300
527	758.300
578	758.300
681	758.300
957	758.300
991	758.300
1020	758.300
1175	758.300
1538	758.300
1708	758.300
1796	758.300
1900	758.300
432	758.400
540	758.400
752	758.400
866	758.400
944	758.400
1037	758.400
1298	758.400
1329	758.400
1571	758.400
1611	758.400
1855	758.400
1875	758.400
1922	758.400
1983	758.400
32	758.500
147	758.500
273	758.500
628	758.500
767	758.500
839	758.500
966	758.500
1236	758.500
1424	758.500
1667	758.500
1967	758.500
2067	758.500
119	758.600
254	758.600
294	758.600
528	758.600
566	758.600
581	758.600
703	758.600
939	758.600
1112	758.600
1153	758.600
1328	758.600
1349	758.600
1393	758.600
1464	758.600
1526	758.600
1680	758.600
1726	758.600
1785	758.600
1838	758.600
1861	758.600
2048	758.600
68	758.700
96	758.700
373	758.700
386	758.700
517	758.700
650	758.700
680	758.700
725	758.700
747	758.700
766	758.700
820	758.700
893	758.700
907	758.700
919	758.700
969	758.700
1174	758.700
1209	758.700
1332	758.700
1456	758.700
1587	758.700
1618	758.700
1649	758.700
1651	758.700
1670	758.700
1721	758.700
1771	758.700
1813	758.700
1895	758.700
59	758.800
70	758.800
190	758.800
236	758.800
272	758.800
369	758.800
439	758.800
571	758.800
646	758.800
654	758.800
656	758.800
683	758.800
744	758.800
761	758.800
917	758.800
989	758.800
1021	758.800
1039	758.800
1303	758.800
1402	758.800
1426	758.800
1477	758.800
1555	758.800
1592	758.800
1640	758.800
1706	758.800
1823	758.800
1915	758.800
1930	758.800
2058	758.800
53	758.900
63	758.900
92	758.900
278	758.900
288	758.900
363	758.900
431	758.900
444	758.900
552	758.900
625	758.900
699	758.900
816	758.900
843	758.900
1023	758.900
1140	758.900
1257	758.900
1478	758.900
1650	758.900
1808	758.900
1952	758.900
2025	758.900
30	759.000
101	759.000
103	759.000
116	759.000
208	759.000
231	759.000
329	759.000
392	759.000
398	759.000
455	759.000
487	759.000
586	759.000
603	759.000
694	759.000
840	759.000
921	759.000
928	759.000
968	759.000
1014	759.000
1207	759.000
1208	759.000
1305	759.000
1327	759.000
1433	759.000
1435	759.000
1459	759.000
1462	759.000
1594	759.000
1664	759.000
1757	759.000
1776	759.000
1818	759.000
1968	759.000
2057	759.000
2062	759.000
45	759.100
48	759.100
159	759.100
533	759.100
743	759.100
894	759.100
895	759.100
1103	759.100
1146	759.100
1179	759.100
1359	759.100
1373	759.100
1501	759.100
1577	759.100
1604	759.100
1608	759.100
1630	759.100
1661	759.100
1817	759.100
1890	759.100
1985	759.100
41	759.200
47	759.200
69	759.200
84	759.200
211	759.200
226	759.200
424	759.200
434	759.200
438	759.200
553	759.200
631	759.200
702	759.200
726	759.200
733	759.200
813	759.200
948	759.200
986	759.200
1086	759.200
1099	759.200
1104	759.200
1178	759.200
1206	759.200
1234	759.200
1244	759.200
1319	759.200
1344	759.200
1354	759.200
1367	759.200
1454	759.200
1467	759.200
1497	759.200
1536	759.200
1588	759.200
1699	759.200
1756	759.200
1775	759.200
1781	759.200
1790	759.200
1816	759.200
1830	759.200
1935	759.200
2044	759.200
2053	759.200
107	759.300
114	759.300
164	759.300
257	759.300
287	759.300
393	759.300
474	759.300
486	759.300
565	759.300
602	759.300
634	759.300
661	759.300
759	759.300
822	759.300
1159	759.300
1239	759.300
1294	759.300
1716	759.300
1791	759.300
1920	759.300
1926	759.300
1945	759.300
2006	759.300
2035	759.300
2037	759.300
2046	759.300
2063	759.300
51	759.400
139	759.400
161	759.400
180	759.400
252	759.400
265	759.400
306	759.400
421	759.400
617	759.400
638	759.400
773	759.400
777	759.400
838	759.400
878	759.400
891	759.400
985	759.400
1000	759.400
1074	759.400
1270	759.400
1527	759.400
1612	759.400
1803	759.400
1827	759.400
1831	759.400
1992	759.400
90	759.500
91	759.500
123	759.500
321	759.500
451	759.500
513	759.500
749	759.500
1111	759.500
1113	759.500
1189	759.500
1204	759.500
1507	759.500
1525	759.500
1606	759.500
1774	759.500
1878	759.500
2023	759.500
81	759.600
217	759.600
229	759.600
253	759.600
256	759.600
388	759.600
441	759.600
449	759.600
523	759.600
557	759.600
613	759.600
655	759.600
845	759.600
861	759.600
996	759.600
1156	759.600
1316	759.600
1520	759.600
1646	759.600
1697	759.600
1724	759.600
1735	759.600
1750	759.600
1862	759.600
1902	759.600
1943	759.600
19	759.700
243	759.700
394	759.700
428	759.700
535	759.700
614	759.700
674	759.700
798	759.700
1321	759.700
1394	759.700
1572	759.700
1613	759.700
1709	759.700
1822	759.700
1910	759.700
1974	759.700
22	759.800
97	759.800
108	759.800
239	759.800
277	759.800
292	759.800
516	759.800
569	759.800
594	759.800
648	759.800
675	759.800
753	759.800
978	759.800
1105	759.800
1914	759.800
1919	759.800
1996	759.800
12	759.900
606	759.900
621	759.900
658	759.900
739	759.900
748	759.900
811	759.900
1363	759.900
1366	759.900
1431	759.900
1805	759.900
1833	759.900
1887	759.900
1906	759.900
1982	759.900
2019	759.900
322	760.000
465	760.000
502	760.000
564	760.000
627	760.000
832	760.000
1061	760.000
1417	760.000
1440	760.000
1779	760.000
1829	760.000
1896	760.000
323	760.100
1203	760.100
1227	760.100
1258	760.100
1492	760.100
1642	760.100
134	760.200
848	760.200
872	760.200
1272	760.200
289	760.300
1027	760.300
1067	760.300
179	760.400
562	760.400
1687	760.500
548	760.600
390	771.100
1992	775.700
245	775.900
822	775.900
694	776.000
1440	776.000
2012	776.000
277	776.200
294	776.200
564	776.200
794	776.200
289	776.300
1016	776.300
1113	776.300
1598	776.300
1861	776.300
78	776.400
805	776.400
1069	776.400
1525	776.400
434	776.500
1230	776.500
374	776.600
1107	776.600
1370	776.600
211	776.700
390	776.700
557	776.700
1033	776.700
389	776.800
625	776.800
866	776.800
1303	776.800
1526	776.800
1810	776.800
1822	776.800
408	776.900
699	776.900
255	777.000
568	777.000
1227	777.000
1407	777.000
671	777.100
944	777.100
1260	777.100
166	777.200
235	777.200
332	777.200
638	777.200
741	777.200
1036	777.200
1471	777.200
162	777.300
505	777.300
628	777.300
1116	777.300
1284	777.300
1558	777.300
1716	777.300
393	777.400
978	777.400
1037	777.400
1162	777.400
1570	777.400
1779	777.400
1791	777.400
1827	777.400
1879	777.400
1931	777.400
12	777.500
30	777.500
55	777.500
57	777.500
91	777.500
138	777.500
236	777.500
282	777.500
621	777.500
1449	777.500
1632	777.500
1971	777.500
147	777.600
285	777.600
329	777.600
659	777.600
680	777.600
809	777.600
1462	777.600
1759	777.600
1825	777.600
1902	777.600
25	777.700
139	777.700
214	777.700
241	777.700
315	777.700
394	777.700
421	777.700
586	777.700
634	777.700
661	777.700
683	777.700
860	777.700
861	777.700
1000	777.700
1014	777.700
1097	777.700
1487	777.700
1612	777.700
2044	777.700
92	777.800
594	777.800
605	777.800
648	777.800
848	777.800
862	777.800
958	777.800
1051	777.800
1242	777.800
1401	777.800
1430	777.800
1454	777.800
1611	777.800
1633	777.800
1661	777.800
257	777.900
1204	777.900
1320	777.900
1383	777.900
1644	777.900
1649	777.900
1986	777.900
2027	777.900
2035	777.900
19	778.000
161	778.000
292	778.000
810	778.000
845	778.000
946	778.000
1039	778.000
1062	778.000
1366	778.000
1431	778.000
1642	778.000
1656	778.000
1708	778.000
1753	778.000
1968	778.000
70	778.100
256	778.100
445	778.100
451	778.100
572	778.100
739	778.100
766	778.100
894	778.100
917	778.100
1146	778.100
1161	778.100
1352	778.100
1488	778.100
1520	778.100
1538	778.100
1626	778.100
1651	778.100
1871	778.100
1951	778.100
1967	778.100
26	778.200
398	778.200
879	778.200
891	778.200
1027	778.200
1610	778.200
1636	778.200
1790	778.200
1860	778.200
1915	778.200
116	778.300
159	778.300
301	778.300
428	778.300
513	778.300
543	778.300
596	778.300
613	778.300
758	778.300
1142	778.300
1159	778.300
1234	778.300
1319	778.300
1941	778.300
2068	778.300
438	778.400
647	778.400
726	778.400
748	778.400
777	778.400
811	778.400
941	778.400
1031	778.400
1179	778.400
1217	778.400
1236	778.400
1277	778.400
1294	778.400
1572	778.400
1606	778.400
1697	778.400
1757	778.400
2019	778.400
69	778.500
424	778.500
473	778.500
475	778.500
676	778.500
707	778.500
744	778.500
813	778.500
840	778.500
950	778.500
968	778.500
1006	778.500
1094	778.500
1349	778.500
1532	778.500
1533	778.500
1618	778.500
1807	778.500
1855	778.500
1858	778.500
1945	778.500
2006	778.500
179	778.600
199	778.600
231	778.600
274	778.600
507	778.600
587	778.600
631	778.600
717	778.600
895	778.600
907	778.600
940	778.600
1075	778.600
1258	778.600
1417	778.600
1444	778.600
1709	778.600
1756	778.600
1831	778.600
1909	778.600
1930	778.600
2025	778.600
2048	778.600
2057	778.600
2058	778.600
66	778.700
94	778.700
164	778.700
226	778.700
265	778.700
322	778.700
363	778.700
365	778.700
367	778.700
387	778.700
432	778.700
646	778.700
703	778.700
743	778.700
803	778.700
832	778.700
838	778.700
852	778.700
1193	778.700
1316	778.700
1354	778.700
1392	778.700
1395	778.700
1573	778.700
1629	778.700
1724	778.700
1749	778.700
2055	778.700
45	778.800
137	778.800
239	778.800
254	778.800
273	778.800
321	778.800
466	778.800
528	778.800
566	778.800
571	778.800
675	778.800
681	778.800
727	778.800
731	778.800
763	778.800
814	778.800
957	778.800
963	778.800
1023	778.800
1078	778.800
1081	778.800
1208	778.800
1326	778.800
1329	778.800
1424	778.800
1585	778.800
1588	778.800
1670	778.800
1755	778.800
1896	778.800
1935	778.800
1977	778.800
96	778.900
133	778.900
150	778.900
190	778.900
230	778.900
288	778.900
499	778.900
584	778.900
614	778.900
664	778.900
725	778.900
747	778.900
752	778.900
816	778.900
893	778.900
1115	778.900
1178	778.900
1312	778.900
1346	778.900
1369	778.900
1377	778.900
1393	778.900
1394	778.900
1503	778.900
1580	778.900
1591	778.900
1592	778.900
1608	778.900
1613	778.900
1758	778.900
1775	778.900
1803	778.900
1843	778.900
1898	778.900
1979	778.900
1994	778.900
47	779.000
120	779.000
145	779.000
452	779.000
460	779.000
527	779.000
535	779.000
560	779.000
581	779.000
658	779.000
669	779.000
825	779.000
920	779.000
997	779.000
1121	779.000
1123	779.000
1165	779.000
1185	779.000
1209	779.000
1381	779.000
1500	779.000
1604	779.000
1619	779.000
1640	779.000
1667	779.000
1672	779.000
1739	779.000
1814	779.000
2063	779.000
5	779.100
64	779.100
97	779.100
104	779.100
129	779.100
195	779.100
227	779.100
284	779.100
461	779.100
516	779.100
517	779.100
530	779.100
569	779.100
607	779.100
700	779.100
708	779.100
831	779.100
843	779.100
900	779.100
932	779.100
1010	779.100
1017	779.100
1122	779.100
1450	779.100
1553	779.100
1577	779.100
1727	779.100
1785	779.100
1833	779.100
1912	779.100
1913	779.100
1920	779.100
1974	779.100
2012	779.100
2020	779.100
82	779.200
103	779.200
174	779.200
180	779.200
189	779.200
217	779.200
339	779.200
418	779.200
488	779.200
565	779.200
627	779.200
771	779.200
773	779.200
776	779.200
910	779.200
947	779.200
966	779.200
1008	779.200
1022	779.200
1026	779.200
1061	779.200
1071	779.200
1088	779.200
1112	779.200
1119	779.200
1156	779.200
1175	779.200
1206	779.200
1334	779.200
1340	779.200
1470	779.200
1477	779.200
1557	779.200
1630	779.200
1646	779.200
1650	779.200
1664	779.200
1673	779.200
1677	779.200
1743	779.200
1750	779.200
1834	779.200
1857	779.200
1906	779.200
1917	779.200
1919	779.200
1983	779.200
22	779.300
28	779.300
36	779.300
56	779.300
59	779.300
63	779.300
118	779.300
297	779.300
567	779.300
578	779.300
666	779.300
679	779.300
782	779.300
841	779.300
871	779.300
911	779.300
939	779.300
1067	779.300
1086	779.300
1148	779.300
1184	779.300
1363	779.300
1421	779.300
1561	779.300
1614	779.300
1744	779.300
1747	779.300
1805	779.300
1924	779.300
1940	779.300
1958	779.300
1976	779.300
1985	779.300
2047	779.300
34	779.400
84	779.400
245	779.400
414	779.400
423	779.400
484	779.400
562	779.400
600	779.400
602	779.400
761	779.400
865	779.400
898	779.400
915	779.400
918	779.400
921	779.400
956	779.400
1104	779.400
1105	779.400
1248	779.400
1327	779.400
1544	779.400
1560	779.400
1599	779.400
1659	779.400
1795	779.400
1818	779.400
1842	779.400
1875	779.400
1926	779.400
1949	779.400
11	779.500
24	779.500
43	779.500
119	779.500
134	779.500
153	779.500
264	779.500
327	779.500
372	779.500
373	779.500
465	779.500
486	779.500
504	779.500
539	779.500
540	779.500
544	779.500
553	779.500
603	779.500
617	779.500
712	779.500
785	779.500
839	779.500
850	779.500
869	779.500
881	779.500
964	779.500
1021	779.500
1074	779.500
1087	779.500
1103	779.500
1325	779.500
1359	779.500
1413	779.500
1429	779.500
1475	779.500
1512	779.500
1521	779.500
1559	779.500
1594	779.500
1598	779.500
1663	779.500
1711	779.500
1735	779.500
1828	779.500
1885	779.500
1938	779.500
2038	779.500
2043	779.500
109	779.600
176	779.600
201	779.600
208	779.600
377	779.600
431	779.600
449	779.600
489	779.600
506	779.600
556	779.600
684	779.600
787	779.600
823	779.600
928	779.600
930	779.600
1016	779.600
1019	779.600
1084	779.600
1310	779.600
1432	779.600
1440	779.600
1525	779.600
1555	779.600
1578	779.600
1643	779.600
1687	779.600
1702	779.600
1838	779.600
1952	779.600
3	779.700
32	779.700
68	779.700
76	779.700
130	779.700
142	779.700
143	779.700
169	779.700
212	779.700
290	779.700
291	779.700
304	779.700
347	779.700
381	779.700
412	779.700
583	779.700
606	779.700
650	779.700
665	779.700
797	779.700
948	779.700
1110	779.700
1323	779.700
1328	779.700
1502	779.700
1776	779.700
1853	779.700
1900	779.700
53	779.800
98	779.800
127	779.800
260	779.800
307	779.800
337	779.800
364	779.800
450	779.800
521	779.800
531	779.800
598	779.800
1144	779.800
1410	779.800
1571	779.800
1587	779.800
1679	779.800
1889	779.800
1890	779.800
1891	779.800
1895	779.800
340	779.900
353	779.900
359	779.900
430	779.900
441	779.900
589	779.900
795	779.900
919	779.900
996	779.900
1124	779.900
1151	779.900
1298	779.900
1324	779.900
1497	779.900
1947	779.900
79	780.000
110	780.000
165	780.000
233	780.000
374	780.000
477	780.000
559	780.000
667	780.000
812	780.000
829	780.000
844	780.000
1311	780.000
1344	780.000
1435	780.000
1781	780.000
1798	780.000
1862	780.000
1888	780.000
294	780.100
794	780.100
991	780.100
1025	780.100
1069	780.100
1188	780.100
1375	780.100
1519	780.100
1534	780.100
1946	780.100
267	780.200
1388	780.200
396	780.400
374	795.300
294	795.400
1781	796.500
948	796.600
1440	796.700
1598	796.700
1016	796.900
1525	797.200
1900	797.400
794	797.600
2012	797.600
1861	797.700
1938	797.700
64	797.800
245	797.800
315	797.800
332	797.800
1162	797.800
602	797.900
907	797.900
6	798.000
277	798.000
390	798.000
795	798.000
1488	798.000
650	798.200
1298	798.200
1587	798.300
68	798.400
766	798.600
2044	798.600
32	798.700
1822	798.700
474	798.800
741	798.800
110	798.900
211	798.900
1039	798.900
1097	798.900
1113	799.000
1640	799.000
282	799.100
683	799.100
98	799.200
1069	799.200
166	799.300
418	799.300
634	799.300
866	799.400
1651	799.400
236	799.500
753	799.500
939	799.500
1184	799.500
1983	799.500
235	799.600
366	799.600
879	799.600
1538	799.600
327	799.700
606	799.700
739	799.700
1591	799.700
1976	799.700
82	799.800
586	799.800
814	799.800
1348	799.800
1527	799.800
1810	799.800
1827	799.800
1909	799.800
1401	799.900
528	800.000
539	800.000
809	800.000
1750	800.000
1856	800.000
628	800.100
654	800.100
712	800.100
843	800.100
138	800.200
664	800.200
699	800.200
881	800.200
894	800.200
944	800.200
1037	800.200
1752	800.200
1855	800.200
139	800.300
408	800.300
1311	800.300
1454	800.300
57	800.400
535	800.400
617	800.400
898	800.400
1430	800.400
1610	800.400
1008	800.500
1036	800.500
1148	800.500
1328	800.500
1512	800.500
1570	800.500
1708	800.500
1802	800.500
43	800.600
55	800.600
424	800.600
451	800.600
659	800.600
978	800.600
1087	800.600
1860	800.600
26	800.700
417	800.700
527	800.700
966	800.700
1366	800.700
1521	800.700
1747	800.700
377	800.800
587	800.800
1006	800.800
347	800.900
1277	800.900
1329	800.900
1340	800.900
1395	800.900
1532	800.900
1556	800.900
63	801.000
180	801.000
230	801.000
286	801.000
378	801.000
564	801.000
681	801.000
1557	801.000
1573	801.000
1862	801.000
1930	801.000
1985	801.000
2055	801.000
92	801.100
103	801.100
174	801.100
920	801.100
1142	801.100
1202	801.100
1363	801.100
134	801.200
217	801.200
255	801.200
363	801.200
421	801.200
434	801.200
744	801.200
958	801.200
1021	801.200
1440	801.200
1863	801.200
96	801.300
304	801.300
431	801.300
452	801.300
544	801.300
671	801.300
1175	801.300
1206	801.300
1305	801.300
1471	801.300
1879	801.300
2048	801.300
53	801.400
150	801.400
294	801.400
374	801.400
731	801.400
794	801.400
910	801.400
1146	801.400
1525	801.400
1526	801.400
1664	801.400
1967	801.400
30	801.500
147	801.500
227	801.500
465	801.500
646	801.500
848	801.500
1217	801.500
1558	801.500
1672	801.500
2038	801.500
25	801.600
119	801.600
161	801.600
273	801.600
337	801.600
372	801.600
471	801.600
694	801.600
803	801.600
1112	801.600
1260	801.600
1432	801.600
1604	801.600
1611	801.600
1649	801.600
1861	801.600
1979	801.600
20	801.700
47	801.700
70	801.700
120	801.700
509	801.700
1062	801.700
1179	801.700
1188	801.700
1230	801.700
1726	801.700
1803	801.700
1920	801.700
1971	801.700
1992	801.700
59	801.800
109	801.800
359	801.800
596	801.800
605	801.800
607	801.800
841	801.800
930	801.800
950	801.800
1124	801.800
1227	801.800
1375	801.800
1385	801.800
1594	801.800
1613	801.800
1795	801.800
1828	801.800
1994	801.800
19	801.900
159	801.900
292	801.900
390	801.900
477	801.900
489	801.900
505	801.900
630	801.900
832	801.900
919	801.900
1049	801.900
1144	801.900
1234	801.900
1388	801.900
1555	801.900
1561	801.900
1598	801.900
1699	801.900
1831	801.900
165	802.000
367	802.000
441	802.000
445	802.000
450	802.000
516	802.000
566	802.000
678	802.000
1026	802.000
1033	802.000
1204	802.000
1344	802.000
1381	802.000
1392	802.000
1421	802.000
1533	802.000
1560	802.000
1588	802.000
1697	802.000
1871	802.000
24	802.100
116	802.100
153	802.100
214	802.100
262	802.100
486	802.100
521	802.100
581	802.100
968	802.100
1159	802.100
1320	802.100
1324	802.100
1424	802.100
1674	802.100
1743	802.100
1757	802.100
64	802.200
101	802.200
151	802.200
201	802.200
257	802.200
315	802.200
568	802.200
609	802.200
614	802.200
648	802.200
707	802.200
805	802.200
941	802.200
947	802.200
1104	802.200
1210	802.200
1346	802.200
1410	802.200
1540	802.200
1559	802.200
1644	802.200
1650	802.200
1661	802.200
1890	802.200
2012	802.200
2063	802.200
12	802.300
34	802.300
45	802.300
389	802.300
488	802.300
553	802.300
567	802.300
571	802.300
647	802.300
703	802.300
735	802.300
810	802.300
829	802.300
838	802.300
871	802.300
948	802.300
1000	802.300
1016	802.300
1121	802.300
1502	802.300
1519	802.300
1577	802.300
1667	802.300
1716	802.300
1779	802.300
1796	802.300
1834	802.300
1857	802.300
2047	802.300
194	802.400
199	802.400
207	802.400
239	802.400
245	802.400
274	802.400
289	802.400
291	802.400
322	802.400
386	802.400
420	802.400
558	802.400
625	802.400
686	802.400
745	802.400
747	802.400
766	802.400
893	802.400
963	802.400
1257	802.400
1303	802.400
1352	802.400
1384	802.400
1453	802.400
1571	802.400
1592	802.400
1689	802.400
1744	802.400
1817	802.400
2027	802.400
189	802.500
203	802.500
206	802.500
231	802.500
233	802.500
355	802.500
381	802.500
387	802.500
598	802.500
667	802.500
674	802.500
727	802.500
741	802.500
756	802.500
771	802.500
1027	802.500
1084	802.500
1335	802.500
1450	802.500
1601	802.500
1626	802.500
6	802.600
32	802.600
69	802.600
133	802.600
212	802.600
353	802.600
475	802.600
499	802.600
511	802.600
638	802.600
661	802.600
749	802.600
763	802.600
851	802.600
996	802.600
1067	802.600
1253	802.600
1284	802.600
1298	802.600
1370	802.600
1402	802.600
1449	802.600
1462	802.600
1931	802.600
2067	802.600
91	802.700
127	802.700
169	802.700
282	802.700
432	802.700
578	802.700
1140	802.700
1448	802.700
1552	802.700
1553	802.700
1599	802.700
1656	802.700
1662	802.700
1885	802.700
1895	802.700
1902	802.700
2035	802.700
142	802.800
162	802.800
288	802.800
344	802.800
595	802.800
658	802.800
684	802.800
743	802.800
777	802.800
811	802.800
1052	802.800
1193	802.800
1270	802.800
1271	802.800
1393	802.800
1693	802.800
1858	802.800
1915	802.800
1935	802.800
104	802.900
472	802.900
594	802.900
725	802.900
839	802.900
891	802.900
989	802.900
1011	802.900
1023	802.900
1078	802.900
1103	802.900
1212	802.900
1236	802.900
1272	802.900
1310	802.900
1367	802.900
1394	802.900
1640	802.900
1739	802.900
1783	802.900
1791	802.900
1829	802.900
1900	802.900
85	803.000
373	803.000
623	803.000
721	803.000
1153	803.000
1633	803.000
1722	803.000
1941	803.000
2007	803.000
2025	803.000
2044	803.000
190	803.100
583	803.100
823	803.100
907	803.100
1794	803.100
1629	803.200
1801	803.200
1928	803.200
1983	803.200
621	803.300
879	803.300
1017	803.300
1572	803.300
260	803.400
314	803.400
1898	803.400
1492	803.500
1520	803.500
1874	803.600
