# NEST version: 3.5
# RecordingBackendASCII version: 2
sender	time_ms
6721	711.400
6128	711.500
7212	711.500
7061	711.600
6480	711.700
6060	711.800
6113	711.800
6226	711.800
6491	711.800
6996	711.800
7069	711.800
6258	711.900
6259	711.900
7098	711.900
7369	711.900
5995	712.000
6372	712.000
6578	712.000
7242	712.000
7273	712.000
6051	712.100
6295	712.100
6508	712.100
6675	712.100
7050	712.100
7278	712.100
7311	712.100
6026	712.200
6254	712.200
6275	712.200
6421	712.200
6432	712.200
6784	712.200
6854	712.200
7118	712.200
7243	712.200
7337	712.200
5988	712.300
6004	712.300
6135	712.300
6256	712.300
6291	712.300
6385	712.300
6557	712.300
6640	712.300
6668	712.300
6814	712.300
6970	712.300
7020	712.300
7070	712.300
7074	712.300
7079	712.300
7272	712.300
6005	712.400
6064	712.400
6112	712.400
6123	712.400
6228	712.400
6293	712.400
6344	712.400
6415	712.400
6440	712.400
6490	712.400
6648	712.400
6660	712.400
6699	712.400
6767	712.400
6770	712.400
6790	712.400
6955	712.400
7038	712.400
7054	712.400
7163	712.400
7319	712.400
6019	712.500
6071	712.500
6124	712.500
6229	712.500
6246	712.500
6310	712.500
6315	712.500
6338	712.500
6366	712.500
6434	712.500
6569	712.500
6611	712.500
6630	712.500
6645	712.500
6672	712.500
6712	712.500
6728	712.500
6753	712.500
6761	712.500
6796	712.500
7022	712.500
7044	712.500
7208	712.500
7217	712.500
7300	712.500
7324	712.500
5983	712.600
6083	712.600
6085	712.600
6156	712.600
6172	712.600
6227	712.600
6250	712.600
6281	712.600
6359	712.600
6395	712.600
6402	712.600
6424	712.600
6445	712.600
6447	712.600
6452	712.600
6455	712.600
6492	712.600
6598	712.600
6687	712.600
6777	712.600
6878	712.600
6936	712.600
6940	712.600
6950	712.600
7027	712.600
7047	712.600
7108	712.600
7111	712.600
7290	712.600
7392	712.600
7414	712.600
5984	712.700
6034	712.700
6065	712.700
6078	712.700
6089	712.700
6141	712.700
6147	712.700
6192	712.700
6198	712.700
6222	712.700
6317	712.700
6337	712.700
6383	712.700
6410	712.700
6632	712.700
6658	712.700
6690	712.700
6705	712.700
6791	712.700
6825	712.700
6942	712.700
6979	712.700
6997	712.700
7005	712.700
7031	712.700
7103	712.700
7140	712.700
7173	712.700
7202	712.700
7262	712.700
7266	712.700
7302	712.700
7317	712.700
5991	712.800
6038	712.800
6055	712.800
6077	712.800
6095	712.800
6121	712.800
6139	712.800
6213	712.800
6214	712.800
6261	712.800
6262	712.800
6266	712.800
6296	712.800
6313	712.800
6314	712.800
6334	712.800
6380	712.800
6394	712.800
6406	712.800
6477	712.800
6495	712.800
6503	712.800
6505	712.800
6520	712.800
6548	712.800
6600	712.800
6614	712.800
6686	712.800
6696	712.800
6710	712.800
6733	712.800
6748	712.800
6756	712.800
6771	712.800
6850	712.800
6866	712.800
6900	712.800
6908	712.800
6962	712.800
6971	712.800
7055	712.800
7057	712.800
7065	712.800
7087	712.800
7126	712.800
7151	712.800
7175	712.800
7189	712.800
7232	712.800
7248	712.800
7255	712.800
7336	712.800
7386	712.800
6011	712.900
6039	712.900
6082	712.900
6090	712.900
6107	712.900
6126	712.900
6136	712.900
6142	712.900
6179	712.900
6190	712.900
6316	712.900
6375	712.900
6376	712.900
6389	712.900
6437	712.900
6464	712.900
6466	712.900
6472	712.900
6485	712.900
6535	712.900
6539	712.900
6545	712.900
6564	712.900
6568	712.900
6666	712.900
6702	712.900
6726	712.900
6732	712.900
6737	712.900
6738	712.900
6766	712.900
6817	712.900
6842	712.900
6874	712.900
6883	712.900
6922	712.900
6928	712.900
6930	712.900
6941	712.900
6954	712.900
7080	712.900
7146	712.900
7177	712.900
7181	712.900
7204	712.900
7207	712.900
7209	712.900
7227	712.900
7281	712.900
7292	712.900
7312	712.900
7331	712.900
7378	712.900
7396	712.900
7398	712.900
6030	713.000
6042	713.000
6130	713.000
6140	713.000
6168	713.000
6176	713.000
6181	713.000
6216	713.000
6253	713.000
6353	713.000
6378	713.000
6393	713.000
6423	713.000
6431	713.000
6435	713.000
6458	713.000
6470	713.000
6473	713.000
6483	713.000
6518	713.000
6554	713.000
6561	713.000
6565	713.000
6610	713.000
6613	713.000
6644	713.000
6646	713.000
6653	713.000
6669	713.000
6695	713.000
6764	713.000
6799	713.000
6827	713.000
6835	713.000
6919	713.000
6927	713.000
6965	713.000
6968	713.000
6978	713.000
7004	713.000
7007	713.000
7021	713.000
7056	713.000
7096	713.000
7136	713.000
7138	713.000
7142	713.000
7144	713.000
7152	713.000
7172	713.000
7178	713.000
7180	713.000
7268	713.000
7276	713.000
7279	713.000
7407	713.000
6031	713.100
6097	713.100
6111	713.100
6146	713.100
6182	713.100
6196	713.100
6201	713.100
6204	713.100
6217	713.100
6218	713.100
6230	713.100
6308	713.100
6350	713.100
6361	713.100
6373	713.100
6374	713.100
6498	713.100
6524	713.100
6525	713.100
6533	713.100
6559	713.100
6595	713.100
6596	713.100
6627	713.100
6629	713.100
6641	713.100
6654	713.100
6663	713.100
6698	713.100
6720	713.100
6741	713.100
6760	713.100
6765	713.100
6783	713.100
6802	713.100
6820	713.100
6828	713.100
6839	713.100
6852	713.100
6880	713.100
6907	713.100
6931	713.100
7034	713.100
7059	713.100
7064	713.100
7109	713.100
7139	713.100
7157	713.100
7195	713.100
7197	713.100
7198	713.100
7253	713.100
7261	713.100
7263	713.100
7265	713.100
7335	713.100
7364	713.100
7367	713.100
7393	713.100
7415	713.100
5993	713.200
6008	713.200
6037	713.200
6081	713.200
6093	713.200
6132	713.200
6149	713.200
6152	713.200
6155	713.200
6158	713.200
6197	713.200
6199	713.200
6220	713.200
6223	713.200
6238	713.200
6252	713.200
6257	713.200
6284	713.200
6286	713.200
6306	713.200
6312	713.200
6325	713.200
6327	713.200
6328	713.200
6333	713.200
6336	713.200
6340	713.200
6348	713.200
6384	713.200
6390	713.200
6416	713.200
6439	713.200
6461	713.200
6502	713.200
6526	713.200
6549	713.200
6585	713.200
6607	713.200
6626	713.200
6722	713.200
6739	713.200
6740	713.200
6759	713.200
6800	713.200
6848	713.200
6849	713.200
6863	713.200
6892	713.200
6897	713.200
6905	713.200
6913	713.200
6957	713.200
6963	713.200
6975	713.200
7000	713.200
7001	713.200
7006	713.200
7041	713.200
7067	713.200
7077	713.200
7088	713.200
7122	713.200
7159	713.200
7192	713.200
7221	713.200
7231	713.200
7238	713.200
7244	713.200
7282	713.200
7294	713.200
7298	713.200
7341	713.200
7416	713.200
7420	713.200
5999	713.300
6015	713.300
6041	713.300
6043	713.300
6046	713.300
6052	713.300
6068	713.300
6157	713.300
6160	713.300
6173	713.300
6178	713.300
6184	713.300
6200	713.300
6244	713.300
6247	713.300
6277	713.300
6299	713.300
6351	713.300
6352	713.300
6357	713.300
6365	713.300
6377	713.300
6404	713.300
6412	713.300
6414	713.300
6453	713.300
6510	713.300
6521	713.300
6527	713.300
6536	713.300
6538	713.300
6576	713.300
6579	713.300
6608	713.300
6618	713.300
6642	713.300
6643	713.300
6707	713.300
6711	713.300
6734	713.300
6735	713.300
6768	713.300
6772	713.300
6773	713.300
6779	713.300
6838	713.300
6845	713.300
6875	713.300
6921	713.300
6923	713.300
6984	713.300
6989	713.300
6992	713.300
7002	713.300
7026	713.300
7048	713.300
7053	713.300
7073	713.300
7092	713.300
7095	713.300
7097	713.300
7112	713.300
7114	713.300
7115	713.300
7134	713.300
7162	713.300
7182	713.300
7201	713.300
7215	713.300
7219	713.300
7271	713.300
7280	713.300
7306	713.300
7325	713.300
7330	713.300
7355	713.300
7357	713.300
7358	713.300
7376	713.300
7388	713.300
7401	713.300
5985	713.400
6018	713.400
6024	713.400
6033	713.400
6048	713.400
6105	713.400
6109	713.400
6221	713.400
6232	713.400
6248	713.400
6251	713.400
6287	713.400
6342	713.400
6347	713.400
6354	713.400
6367	713.400
6392	713.400
6413	713.400
6418	713.400
6419	713.400
6422	713.400
6426	713.400
6501	713.400
6529	713.400
6556	713.400
6589	713.400
6594	713.400
6631	713.400
6636	713.400
6638	713.400
6674	713.400
6683	713.400
6706	713.400
6749	713.400
6778	713.400
6812	713.400
6822	713.400
6824	713.400
6846	713.400
6898	713.400
6948	713.400
6972	713.400
6974	713.400
6983	713.400
7003	713.400
7008	713.400
7029	713.400
7049	713.400
7125	713.400
7156	713.400
7252	713.400
7295	713.400
7301	713.400
7340	713.400
7360	713.400
7365	713.400
7397	713.400
6006	713.500
6032	713.500
6066	713.500
6094	713.500
6110	713.500
6127	713.500
6166	713.500
6171	713.500
6186	713.500
6212	713.500
6219	713.500
6240	713.500
6255	713.500
6318	713.500
6339	713.500
6363	713.500
6368	713.500
6405	713.500
6411	713.500
6442	713.500
6450	713.500
6462	713.500
6463	713.500
6471	713.500
6475	713.500
6494	713.500
6499	713.500
6546	713.500
6572	713.500
6573	713.500
6584	713.500
6599	713.500
6609	713.500
6624	713.500
6693	713.500
6727	713.500
6830	713.500
6871	713.500
6952	713.500
7024	713.500
7078	713.500
7110	713.500
7121	713.500
7141	713.500
7184	713.500
7203	713.500
7211	713.500
7220	713.500
7320	713.500
7329	713.500
7389	713.500
6023	713.600
6070	713.600
6073	713.600
6079	713.600
6098	713.600
6120	713.600
6144	713.600
6145	713.600
6211	713.600
6343	713.600
6346	713.600
6358	713.600
6398	713.600
6457	713.600
6478	713.600
6489	713.600
6513	713.600
6544	713.600
6560	713.600
6603	713.600
6652	713.600
6664	713.600
6692	713.600
6719	713.600
6793	713.600
6794	713.600
6865	713.600
6903	713.600
6915	713.600
6956	713.600
6969	713.600
6980	713.600
7066	713.600
7086	713.600
7167	713.600
7250	713.600
7283	713.600
7293	713.600
7394	713.600
7402	713.600
7418	713.600
6028	713.700
6084	713.700
6129	713.700
6194	713.700
6231	713.700
6302	713.700
6320	713.700
6364	713.700
6387	713.700
6417	713.700
6420	713.700
6487	713.700
6516	713.700
6519	713.700
6542	713.700
6553	713.700
6582	713.700
6586	713.700
6659	713.700
6750	713.700
6769	713.700
6787	713.700
6819	713.700
6840	713.700
6877	713.700
6945	713.700
6959	713.700
7100	713.700
7153	713.700
7170	713.700
7185	713.700
7228	713.700
7256	713.700
7349	713.700
7352	713.700
7353	713.700
6063	713.800
6075	713.800
6183	713.800
6297	713.800
6321	713.800
6355	713.800
6530	713.800
6671	713.800
6713	713.800
6724	713.800
6729	713.800
6841	713.800
6867	713.800
6887	713.800
7071	713.800
7081	713.800
7084	713.800
7129	713.800
7147	713.800
7154	713.800
7187	713.800
7247	713.800
7309	713.800
7390	713.800
6118	713.900
6131	713.900
6163	713.900
6497	713.900
7148	713.900
7224	713.900
7258	713.900
7260	713.900
7264	713.900
7285	713.900
7286	713.900
7318	713.900
6860	714.000
6966	714.000
7042	714.000
7113	714.000
7254	714.000
7316	714.000
6057	714.100
6114	714.100
6633	714.100
6099	714.200
6095	734.300
7293	734.600
7187	735.100
6613	735.400
6584	735.700
6871	735.800
6631	735.900
6724	735.900
6921	735.900
6472	736.200
6632	736.300
6721	736.300
7204	736.300
6794	736.800
7185	736.900
7212	737.000
6928	737.100
7100	737.100
6028	737.300
6722	737.400
6740	737.400
6719	737.500
6415	737.600
6419	737.600
7069	737.600
6393	737.700
6653	737.700
7129	737.700
6784	737.800
7042	737.800
7335	737.900
6549	738.000
6983	738.000
7415	738.000
7006	738.100
7122	738.100
6310	738.200
7189	738.200
6470	738.300
6545	738.300
6897	738.300
7111	738.300
7316	738.300
7353	738.300
7378	738.300
6538	738.400
6064	738.500
6211	738.500
6564	738.500
7227	738.500
7248	738.500
6471	738.600
6966	738.600
6055	738.700
6200	738.700
6462	738.700
6474	738.700
6749	738.700
6765	738.700
6366	738.800
6892	738.800
6957	738.800
7003	738.800
7386	738.800
5984	738.900
5995	738.900
6140	738.900
6217	738.900
6259	738.900
6405	738.900
6866	738.900
6915	738.900
6023	739.000
6128	739.000
6748	739.000
6770	739.000
6880	739.000
7113	739.000
7238	739.000
6569	739.100
7067	739.200
6561	739.300
6817	739.300
7044	739.300
6111	739.400
6436	739.400
6766	739.400
6996	739.400
7098	739.400
7352	739.400
6262	739.500
6461	739.500
6463	739.500
6266	739.600
6295	739.600
7041	739.600
7053	739.600
7221	739.600
7029	739.700
6251	739.800
6328	739.800
6633	739.800
6974	739.800
7027	739.800
7136	739.800
7178	739.800
7211	739.800
7311	739.800
7330	739.800
6190	739.900
6286	739.900
6452	739.900
6475	739.900
6548	739.900
6945	739.900
6971	739.900
7112	739.900
7148	739.900
7159	739.900
7283	739.900
6114	740.000
6321	740.000
6417	740.000
6508	740.000
6675	740.000
7364	740.000
6447	740.100
6750	740.100
6773	740.100
6878	740.100
7153	740.100
7369	740.100
7402	740.100
6149	740.200
6255	740.200
6293	740.200
6302	740.200
6598	740.200
6648	740.200
7047	740.200
7302	740.200
7319	740.200
6212	740.300
6315	740.300
6394	740.300
6487	740.300
6546	740.300
6557	740.300
6699	740.300
6814	740.300
6979	740.300
6166	740.400
6501	740.400
6972	740.400
7281	740.400
6038	740.500
6258	740.500
6314	740.500
6445	740.500
6539	740.500
6565	740.500
6707	740.500
7388	740.500
6172	740.600
6334	740.600
6357	740.600
6643	740.600
6646	740.600
6854	740.600
6907	740.600
7144	740.600
7156	740.600
7341	740.600
7394	740.600
6082	740.700
6197	740.700
6231	740.700
6464	740.700
6578	740.700
6683	740.700
6771	740.700
6812	740.700
6840	740.700
7278	740.700
7380	740.700
6239	740.800
6291	740.800
6424	740.800
6576	740.800
6761	740.800
6767	740.800
7079	740.800
6192	740.900
6253	740.900
6480	740.900
6824	740.900
7118	740.900
7242	740.900
7254	740.900
7340	740.900
6176	741.000
6216	741.000
6350	741.000
6626	741.000
6822	741.000
7071	741.000
7073	741.000
7220	741.000
7258	741.000
7397	741.000
6222	741.100
6348	741.100
6389	741.100
6402	741.100
6495	741.100
6603	741.100
6726	741.100
6779	741.100
7252	741.100
7355	741.100
5985	741.200
6109	741.200
6126	741.200
6152	741.200
6308	741.200
6358	741.200
6380	741.200
6383	741.200
6455	741.200
6663	741.200
6664	741.200
6705	741.200
6802	741.200
6942	741.200
7038	741.200
7061	741.200
7084	741.200
7181	741.200
7184	741.200
7197	741.200
7219	741.200
6095	741.300
6247	741.300
6377	741.300
6432	741.300
6590	741.300
6847	741.300
6948	741.300
6997	741.300
7365	741.300
7420	741.300
6060	741.400
6093	741.400
6173	741.400
6297	741.400
6416	741.400
6453	741.400
6468	741.400
6478	741.400
6837	741.400
6941	741.400
7147	741.400
7157	741.400
6011	741.500
6163	741.500
6181	741.500
6229	741.500
6248	741.500
6275	741.500
6316	741.500
6458	741.500
6520	741.500
6533	741.500
6618	741.500
6640	741.500
6708	741.500
6753	741.500
6778	741.500
6919	741.500
7000	741.500
7099	741.500
7134	741.500
7171	741.500
7217	741.500
7260	741.500
6005	741.600
6019	741.600
6090	741.600
6123	741.600
6138	741.600
6257	741.600
6433	741.600
6449	741.600
6491	741.600
6525	741.600
6628	741.600
6632	741.600
6710	741.600
6921	741.600
6954	741.600
7086	741.600
6015	741.700
6071	741.700
6135	741.700
6155	741.700
6246	741.700
6277	741.700
6568	741.700
6596	741.700
6629	741.700
6905	741.700
6969	741.700
7001	741.700
7034	741.700
7140	741.700
7265	741.700
7396	741.700
6032	741.800
6048	741.800
6218	741.800
6318	741.800
6354	741.800
6431	741.800
6607	741.800
6610	741.800
6782	741.800
6924	741.800
6970	741.800
7070	741.800
7110	741.800
7224	741.800
7276	741.800
7303	741.800
7414	741.800
6097	741.900
6272	741.900
6319	741.900
6325	741.900
6346	741.900
6365	741.900
6410	741.900
6553	741.900
6589	741.900
6649	741.900
6690	741.900
6768	741.900
6819	741.900
6877	741.900
7115	741.900
7172	741.900
7243	741.900
7268	741.900
7294	741.900
7318	741.900
6030	742.000
6031	742.000
6043	742.000
6062	742.000
6136	742.000
6238	742.000
6384	742.000
6392	742.000
6422	742.000
6585	742.000
6611	742.000
6672	742.000
6698	742.000
6739	742.000
6874	742.000
6875	742.000
6955	742.000
6968	742.000
7253	742.000
6039	742.100
6194	742.100
6343	742.100
6644	742.100
6669	742.100
6686	742.100
6687	742.100
6706	742.100
6783	742.100
6964	742.100
7138	742.100
6008	742.200
6037	742.200
6046	742.200
6083	742.200
6124	742.200
6171	742.200
6240	742.200
6254	742.200
6273	742.200
6287	742.200
6385	742.200
6404	742.200
6407	742.200
6769	742.200
6850	742.200
7057	742.200
7146	742.200
7244	742.200
7255	742.200
7261	742.200
7325	742.200
7405	742.200
6051	742.300
6112	742.300
6156	742.300
6214	742.300
6219	742.300
6228	742.300
6281	742.300
6320	742.300
6331	742.300
6368	742.300
6374	742.300
6446	742.300
6554	742.300
6584	742.300
6676	742.300
6702	742.300
6719	742.300
6835	742.300
6883	742.300
6900	742.300
6927	742.300
7049	742.300
7055	742.300
7065	742.300
7201	742.300
7208	742.300
7212	742.300
7282	742.300
7306	742.300
7324	742.300
7351	742.300
7401	742.300
6070	742.400
6078	742.400
6079	742.400
6108	742.400
6146	742.400
6186	742.400
6250	742.400
6313	742.400
6361	742.400
6372	742.400
6419	742.400
6472	742.400
6498	742.400
6502	742.400
6506	742.400
6527	742.400
6559	742.400
6678	742.400
6729	742.400
6738	742.400
6786	742.400
6827	742.400
6848	742.400
6956	742.400
6962	742.400
6975	742.400
6978	742.400
7005	742.400
7069	742.400
7077	742.400
7080	742.400
7123	742.400
7125	742.400
7227	742.400
7236	742.400
7280	742.400
7293	742.400
7317	742.400
7404	742.400
7416	742.400
6100	742.500
6113	742.500
6141	742.500
6147	742.500
6178	742.500
6195	742.500
6306	742.500
6351	742.500
6440	742.500
6477	742.500
6518	742.500
6529	742.500
6579	742.500
6609	742.500
6666	742.500
6696	742.500
6721	742.500
6727	742.500
6759	742.500
6811	742.500
6891	742.500
7004	742.500
7018	742.500
7087	742.500
7155	742.500
7272	742.500
7358	742.500
7370	742.500
7392	742.500
5993	742.600
6024	742.600
6077	742.600
6133	742.600
6196	742.600
6201	742.600
6373	742.600
6434	742.600
6467	742.600
6476	742.600
6577	742.600
6599	742.600
6627	742.600
6642	742.600
6645	742.600
6668	742.600
6685	742.600
6728	742.600
6963	742.600
7026	742.600
7097	742.600
7142	742.600
7195	742.600
7202	742.600
7264	742.600
7266	742.600
7273	742.600
7285	742.600
7289	742.600
7335	742.600
7337	742.600
7393	742.600
5988	742.700
6004	742.700
6052	742.700
6165	742.700
6179	742.700
6191	742.700
6230	742.700
6310	742.700
6338	742.700
6364	742.700
6387	742.700
6503	742.700
6549	742.700
6572	742.700
6573	742.700
6613	742.700
6641	742.700
6652	742.700
6671	742.700
6784	742.700
6845	742.700
6920	742.700
6922	742.700
6923	742.700
7008	742.700
7022	742.700
7158	742.700
7173	742.700
7248	742.700
7256	742.700
7334	742.700
7336	742.700
7367	742.700
6001	742.800
6028	742.800
6042	742.800
6068	742.800
6160	742.800
6167	742.800
6168	742.800
6198	742.800
6213	742.800
6363	742.800
6369	742.800
6418	742.800
6442	742.800
6483	742.800
6490	742.800
6524	742.800
6580	742.800
6601	742.800
6630	742.800
6653	742.800
6654	742.800
6658	742.800
6659	742.800
6720	742.800
6742	742.800
6776	742.800
6828	742.800
6865	742.800
6913	742.800
6940	742.800
6944	742.800
7023	742.800
7090	742.800
7100	742.800
7161	742.800
7198	742.800
7257	742.800
7263	742.800
5986	742.900
5991	742.900
6034	742.900
6065	742.900
6110	742.900
6129	742.900
6232	742.900
6252	742.900
6279	742.900
6288	742.900
6317	742.900
6344	742.900
6378	742.900
6421	742.900
6470	742.900
6497	742.900
6519	742.900
6612	742.900
6660	742.900
6713	742.900
6737	742.900
6762	742.900
6791	742.900
6825	742.900
6839	742.900
6846	742.900
6980	742.900
7043	742.900
7093	742.900
7250	742.900
7279	742.900
7292	742.900
7389	742.900
7398	742.900
6033	743.000
6044	743.000
6081	743.000
6203	743.000
6220	743.000
6223	743.000
6256	743.000
6305	743.000
6336	743.000
6371	743.000
6414	743.000
6415	743.000
6500	743.000
6545	743.000
6581	743.000
6594	743.000
6715	743.000
6790	743.000
6794	743.000
6864	743.000
6887	743.000
6903	743.000
6928	743.000
6937	743.000
6984	743.000
7015	743.000
7076	743.000
7082	743.000
7083	743.000
7104	743.000
7107	743.000
7166	743.000
7207	743.000
7286	743.000
7316	743.000
7418	743.000
6000	743.100
6121	743.100
6127	743.100
6131	743.100
6224	743.100
6241	743.100
6284	743.100
6327	743.100
6435	743.100
6448	743.100
6466	743.100
6510	743.100
6521	743.100
6528	743.100
6600	743.100
6616	743.100
6634	743.100
6732	743.100
6734	743.100
6740	743.100
6867	743.100
6908	743.100
6965	743.100
6983	743.100
7039	743.100
7056	743.100
7096	743.100
7174	743.100
7182	743.100
7204	743.100
7338	743.100
7348	743.100
7349	743.100
5987	743.200
6066	743.200
6084	743.200
6139	743.200
6227	743.200
6289	743.200
6329	743.200
6339	743.200
6390	743.200
6515	743.200
6718	743.200
6772	743.200
6792	743.200
6826	743.200
6830	743.200
6843	743.200
6895	743.200
6915	743.200
6952	743.200
6982	743.200
7020	743.200
7116	743.200
7126	743.200
7150	743.200
7175	743.200
7245	743.200
7290	743.200
7298	743.200
7300	743.200
7360	743.200
7390	743.200
6064	743.300
6073	743.300
6104	743.300
6226	743.300
6244	743.300
6267	743.300
6301	743.300
6406	743.300
6420	743.300
6492	743.300
6564	743.300
6953	743.300
6988	743.300
7122	743.300
7230	743.300
7232	743.300
7373	743.300
7400	743.300
6105	743.400
6106	743.400
6184	743.400
6221	743.400
6280	743.400
6411	743.400
6474	743.400
6489	743.400
6770	743.400
6853	743.400
6996	743.400
7074	743.400
7213	743.400
7215	743.400
7238	743.400
7301	743.400
7320	743.400
7415	743.400
6003	743.500
6271	743.500
6430	743.500
6795	743.500
6796	743.500
6897	743.500
7225	743.500
6056	743.600
6504	743.600
6736	743.600
7421	743.600
6158	743.700
6298	743.700
6352	743.700
6379	743.700
6831	743.700
6951	743.700
6957	743.700
7103	743.700
7128	743.700
6692	743.800
7012	743.800
7310	743.800
6328	743.900
7027	743.900
6055	744.000
6514	744.000
6598	746.300
7185	753.300
6814	753.800
6128	753.900
6135	754.000
7336	754.000
6475	754.400
6996	754.900
6928	755.000
7044	755.000
7355	755.100
6761	755.200
6668	755.400
7104	755.500
7234	755.500
6055	755.600
6474	755.600
6915	755.600
6940	755.700
7175	755.800
6226	755.900
6291	755.900
7006	755.900
6415	756.000
7358	756.000
6771	756.100
7144	756.200
6034	756.400
6379	756.700
7036	756.700
7151	756.800
7178	756.800
6227	756.900
5995	757.100
6262	757.100
6434	757.100
7407	757.100
7069	757.200
6462	757.300
7242	757.300
6139	757.400
7248	757.400
6038	757.500
6060	757.500
6073	757.500
6793	757.500
7303	757.500
7335	757.500
7261	757.600
7386	757.600
6052	757.700
6766	757.700
6772	757.700
6445	757.800
7338	757.900
6024	758.000
6569	758.000
6578	758.000
7061	758.000
6110	758.100
6421	758.100
6520	758.100
6648	758.100
6683	758.100
7212	758.100
6430	758.200
6508	758.200
7043	758.200
7087	758.200
6001	758.300
6056	758.300
6515	758.300
7111	758.300
7173	758.300
7204	758.300
6314	758.400
6749	758.400
6966	758.400
7142	758.400
7153	758.400
6028	758.500
6223	758.500
6576	758.500
6594	758.500
6756	758.500
6770	758.500
6784	758.500
7122	758.500
7155	758.500
7180	758.500
7279	758.500
6192	758.600
6327	758.600
6476	758.600
6598	758.600
6599	758.600
6753	758.600
7245	758.600
7273	758.600
7310	758.600
6121	758.700
6131	758.700
6172	758.700
6310	758.700
6313	758.700
6374	758.700
6480	758.700
6510	758.700
6645	758.700
6672	758.700
6675	758.700
6728	758.700
6774	758.700
6847	758.700
7027	758.700
7065	758.700
7074	758.700
7098	758.700
7289	758.700
7337	758.700
7402	758.700
6090	758.800
6293	758.800
6378	758.800
6390	758.800
6524	758.800
6691	758.800
6738	758.800
6839	758.800
6089	758.900
6111	758.900
6318	758.900
6331	758.900
6455	758.900
6545	758.900
6676	758.900
6721	758.900
6878	758.900
6971	758.900
7099	758.900
7165	758.900
7207	758.900
7390	758.900
5984	759.000
6026	759.000
6095	759.000
6177	759.000
6214	759.000
6275	759.000
6279	759.000
6281	759.000
6631	759.000
6646	759.000
6660	759.000
6678	759.000
6712	759.000
6892	759.000
6897	759.000
6921	759.000
6986	759.000
7103	759.000
7113	759.000
7133	759.000
7221	759.000
7272	759.000
7302	759.000
7341	759.000
7370	759.000
7416	759.000
7421	759.000
6069	759.100
6135	759.100
6141	759.100
6145	759.100
6271	759.100
6328	759.100
6395	759.100
6502	759.100
6564	759.100
6608	759.100
6609	759.100
6653	759.100
6719	759.100
6736	759.100
6748	759.100
6931	759.100
6980	759.100
6983	759.100
7020	759.100
7056	759.100
7140	759.100
7157	759.100
7172	759.100
7209	759.100
7255	759.100
5991	759.200
6049	759.200
6082	759.200
6083	759.200
6295	759.200
6296	759.200
6436	759.200
6448	759.200
6452	759.200
6472	759.200
6549	759.200
6601	759.200
6742	759.200
6752	759.200
6792	759.200
6796	759.200
6835	759.200
6920	759.200
6948	759.200
7029	759.200
7086	759.200
7167	759.200
7211	759.200
7254	759.200
7292	759.200
7388	759.200
7414	759.200
6051	759.300
6078	759.300
6149	759.300
6198	759.300
6393	759.300
6461	759.300
6585	759.300
6610	759.300
6630	759.300
6632	759.300
6687	759.300
6698	759.300
6726	759.300
6727	759.300
6845	759.300
6880	759.300
6901	759.300
6919	759.300
6962	759.300
6982	759.300
7093	759.300
7136	759.300
7203	759.300
7226	759.300
7278	759.300
7351	759.300
7380	759.300
7415	759.300
5983	759.400
5986	759.400
6004	759.400
6042	759.400
6129	759.400
6133	759.400
6138	759.400
6150	759.400
6160	759.400
6224	759.400
6358	759.400
6372	759.400
6406	759.400
6442	759.400
6616	759.400
6628	759.400
6634	759.400
6707	759.400
6814	759.400
6816	759.400
6853	759.400
6883	759.400
6941	759.400
6965	759.400
7023	759.400
7227	759.400
7360	759.400
7389	759.400
7398	759.400
5985	759.500
6000	759.500
6043	759.500
6064	759.500
6123	759.500
6191	759.500
6246	759.500
6256	759.500
6286	759.500
6699	759.500
6702	759.500
6781	759.500
6783	759.500
6819	759.500
6828	759.500
6843	759.500
6922	759.500
7008	759.500
7024	759.500
7039	759.500
7123	759.500
7230	759.500
7280	759.500
7298	759.500
7311	759.500
7316	759.500
7348	759.500
7353	759.500
7400	759.500
6019	759.600
6155	759.600
6184	759.600
6190	759.600
6203	759.600
6216	759.600
6252	759.600
6253	759.600
6266	759.600
6432	759.600
6464	759.600
6504	759.600
6514	759.600
6529	759.600
6584	759.600
6611	759.600
6638	759.600
6692	759.600
6779	759.600
6786	759.600
6907	759.600
7047	759.600
7072	759.600
7138	759.600
7181	759.600
7187	759.600
7217	759.600
7257	759.600
7361	759.600
6065	759.700
6081	759.700
6128	759.700
6130	759.700
6140	759.700
6241	759.700
6251	759.700
6268	759.700
6274	759.700
6394	759.700
6417	759.700
6424	759.700
6470	759.700
6507	759.700
6517	759.700
6590	759.700
6605	759.700
6613	759.700
6640	759.700
6686	759.700
6700	759.700
6802	759.700
6866	759.700
6969	759.700
6975	759.700
7038	759.700
7079	759.700
7080	759.700
7198	759.700
7232	759.700
7233	759.700
7246	759.700
7268	759.700
7282	759.700
7317	759.700
7330	759.700
7352	759.700
6030	759.800
6047	759.800
6097	759.800
6109	759.800
6113	759.800
6132	759.800
6146	759.800
6244	759.800
6348	759.800
6366	759.800
6383	759.800
6491	759.800
6495	759.800
6600	759.800
6622	759.800
6627	759.800
6642	759.800
6658	759.800
6671	759.800
6710	759.800
6715	759.800
6740	759.800
6741	759.800
6776	759.800
6790	759.800
6898	759.800
6903	759.800
6926	759.800
6952	759.800
6970	759.800
7003	759.800
7011	759.800
7018	759.800
7040	759.800
7146	759.800
7158	759.800
7163	759.800
7210	759.800
7215	759.800
7253	759.800
7266	759.800
7281	759.800
7306	759.800
7367	759.800
7369	759.800
7378	759.800
6005	759.900
6011	759.900
6101	759.900
6106	759.900
6116	759.900
6127	759.900
6151	759.900
6207	759.900
6213	759.900
6217	759.900
6219	759.900
6226	759.900
6267	759.900
6306	759.900
6369	759.900
6373	759.900
6410	759.900
6411	759.900
6475	759.900
6477	759.900
6528	759.900
6538	759.900
6573	759.900
6575	759.900
6581	759.900
6654	759.900
6718	759.900
6732	759.900
6737	759.900
6759	759.900
6761	759.900
6773	759.900
6817	759.900
6852	759.900
6875	759.900
6955	759.900
7004	759.900
7007	759.900
7022	759.900
7049	759.900
7050	759.900
7057	759.900
7067	759.900
7100	759.900
7116	759.900
7141	759.900
7148	759.900
7152	759.900
7225	759.900
7238	759.900
7331	759.900
7334	759.900
6044	760.000
6066	760.000
6126	760.000
6179	760.000
6232	760.000
6265	760.000
6284	760.000
6289	760.000
6420	760.000
6546	760.000
6548	760.000
6695	760.000
6769	760.000
6794	760.000
6822	760.000
6831	760.000
6837	760.000
6850	760.000
6900	760.000
6930	760.000
6942	760.000
6981	760.000
6996	760.000
7062	760.000
7166	760.000
7196	760.000
7315	760.000
7349	760.000
6018	760.100
6055	760.100
6071	760.100
6112	760.100
6136	760.100
6158	760.100
6174	760.100
6208	760.100
6254	760.100
6272	760.100
6280	760.100
6324	760.100
6353	760.100
6422	760.100
6530	760.100
6535	760.100
6544	760.100
6560	760.100
6641	760.100
6643	760.100
6690	760.100
6713	760.100
6734	760.100
6824	760.100
6826	760.100
6846	760.100
6874	760.100
6902	760.100
6915	760.100
6951	760.100
6957	760.100
7000	760.100
7082	760.100
7118	760.100
7185	760.100
7223	760.100
7244	760.100
7293	760.100
7319	760.100
7320	760.100
7346	760.100
7392	760.100
6021	760.200
6156	760.200
6229	760.200
6234	760.200
6247	760.200
6320	760.200
6463	760.200
6466	760.200
6511	760.200
6525	760.200
6626	760.200
6629	760.200
6705	760.200
6722	760.200
6762	760.200
6854	760.200
6961	760.200
6964	760.200
6984	760.200
6999	760.200
7044	760.200
7068	760.200
7114	760.200
7128	760.200
7195	760.200
7208	760.200
7219	760.200
7220	760.200
7236	760.200
7260	760.200
6003	760.300
6094	760.300
6108	760.300
6114	760.300
6250	760.300
6291	760.300
6301	760.300
6302	760.300
6343	760.300
6345	760.300
6350	760.300
6435	760.300
6443	760.300
6471	760.300
6489	760.300
6559	760.300
6620	760.300
6720	760.300
6771	760.300
6830	760.300
6895	760.300
6928	760.300
6974	760.300
6978	760.300
6988	760.300
7077	760.300
7125	760.300
7132	760.300
7144	760.300
7263	760.300
7405	760.300
5988	760.400
6023	760.400
6039	760.400
6048	760.400
6125	760.400
6194	760.400
6212	760.400
6222	760.400
6255	760.400
6315	760.400
6325	760.400
6337	760.400
6423	760.400
6457	760.400
6467	760.400
6474	760.400
6492	760.400
6498	760.400
6501	760.400
6527	760.400
6557	760.400
6565	760.400
6663	760.400
6696	760.400
6775	760.400
6864	760.400
6867	760.400
6905	760.400
6953	760.400
7096	760.400
7120	760.400
7130	760.400
7150	760.400
7197	760.400
7269	760.400
7301	760.400
7336	760.400
6124	760.500
6228	760.500
6292	760.500
6364	760.500
6368	760.500
6485	760.500
6636	760.500
6842	760.500
6862	760.500
6863	760.500
6865	760.500
6923	760.500
6938	760.500
7026	760.500
7147	760.500
7182	760.500
7250	760.500
7267	760.500
7396	760.500
6316	760.600
6365	760.600
6404	760.600
6419	760.600
6468	760.600
6478	760.600
6607	760.600
6624	760.600
6656	760.600
6685	760.600
6791	760.600
6916	760.600
6934	760.600
6943	760.600
7041	760.600
7170	760.600
7265	760.600
7276	760.600
7343	760.600
7420	760.600
6153	760.700
6300	760.700
6385	760.700
6415	760.700
6437	760.700
6617	760.700
6808	760.700
6913	760.700
7036	760.700
7046	760.700
7069	760.700
7106	760.700
7297	760.700
7313	760.700
7355	760.700
6059	760.800
6375	760.800
6500	760.800
6657	760.800
6760	760.800
6860	760.800
6972	760.800
7059	760.800
7060	760.800
7097	760.800
7143	760.800
7055	761.000
6146	773.400
6648	774.200
6320	774.500
6005	775.800
6255	775.800
6928	775.800
6415	776.000
6996	776.000
7153	776.000
7208	776.100
6155	776.200
6696	776.200
6767	776.200
6854	776.200
6369	776.300
7303	776.300
6097	776.500
6972	776.500
7068	776.500
7358	776.500
7129	776.600
6722	776.700
7293	776.800
6226	776.900
6262	776.900
6310	776.900
6055	777.000
6229	777.000
6569	777.000
7069	777.000
6266	777.200
6291	777.300
6315	777.300
6548	777.300
6640	777.300
6060	777.400
6632	777.400
6930	777.400
7111	777.400
6011	777.500
6123	777.500
7038	777.500
7212	777.500
6153	777.600
6814	777.600
7036	777.600
7050	777.600
6113	777.700
6463	777.700
6557	777.700
6773	777.700
6824	777.700
6966	777.700
7337	777.700
6095	777.800
6109	777.800
6247	777.800
6761	777.800
6766	777.800
6895	777.800
6921	777.800
6941	777.800
7343	777.800
6462	777.900
6464	777.900
6474	777.900
6495	777.900
6565	777.900
6643	777.900
6779	777.900
7118	777.900
6064	778.000
6424	778.000
6471	778.000
6626	778.000
6660	778.000
6675	778.000
6919	778.000
7004	778.000
7316	778.000
6023	778.100
6048	778.100
6314	778.100
6331	778.100
6470	778.100
6596	778.100
6668	778.100
6915	778.100
7336	778.100
6372	778.200
6419	778.200
6743	778.200
6762	778.200
7067	778.200
7217	778.200
6259	778.300
6445	778.300
6539	778.300
6957	778.300
6969	778.300
7057	778.300
6334	778.400
6590	778.400
6615	778.400
6663	778.400
6784	778.400
6847	778.400
6090	778.500
6126	778.500
6135	778.500
6172	778.500
6348	778.500
6472	778.500
6490	778.500
6538	778.500
6690	778.500
6702	778.500
6705	778.500
6878	778.500
6905	778.500
7003	778.500
7099	778.500
7178	778.500
7219	778.500
7221	778.500
7273	778.500
6115	778.600
6163	778.600
6250	778.600
6436	778.600
6501	778.600
6598	778.600
6610	778.600
6611	778.600
6652	778.600
6653	778.600
7073	778.600
7282	778.600
7317	778.600
6128	778.700
6190	778.700
6211	778.700
6280	778.700
6302	778.700
6325	778.700
6475	778.700
6498	778.700
6564	778.700
6955	778.700
7097	778.700
7181	778.700
7265	778.700
6071	778.800
6094	778.800
6140	778.800
6181	778.800
6212	778.800
6222	778.800
6293	778.800
6295	778.800
6365	778.800
6375	778.800
6399	778.800
6406	778.800
6420	778.800
6817	778.800
6948	778.800
7005	778.800
7079	778.800
7123	778.800
7182	778.800
7207	778.800
7232	778.800
7315	778.800
5988	778.900
6028	778.900
6038	778.900
6158	778.900
6223	778.900
6286	778.900
6350	778.900
6404	778.900
6418	778.900
6492	778.900
6528	778.900
6627	778.900
6699	778.900
6756	778.900
6945	778.900
6971	778.900
7100	778.900
7144	778.900
7161	778.900
7276	778.900
7302	778.900
6015	779.000
6043	779.000
6078	779.000
6133	779.000
6174	779.000
6228	779.000
6246	779.000
6273	779.000
6275	779.000
6316	779.000
6328	779.000
6366	779.000
6405	779.000
6433	779.000
6546	779.000
6581	779.000
6617	779.000
6636	779.000
6641	779.000
6721	779.000
6750	779.000
6770	779.000
6771	779.000
6850	779.000
6874	779.000
6901	779.000
6923	779.000
7026	779.000
7027	779.000
7083	779.000
7104	779.000
7136	779.000
7185	779.000
7248	779.000
7355	779.000
7398	779.000
5984	779.100
6031	779.100
6052	779.100
6124	779.100
6147	779.100
6166	779.100
6272	779.100
6368	779.100
6410	779.100
6421	779.100
6452	779.100
6455	779.100
6461	779.100
6478	779.100
6584	779.100
6629	779.100
6680	779.100
6710	779.100
6772	779.100
6783	779.100
6791	779.100
6863	779.100
6907	779.100
6916	779.100
6944	779.100
7159	779.100
7167	779.100
7254	779.100
7335	779.100
7340	779.100
7367	779.100
7369	779.100
7415	779.100
6019	779.200
6022	779.200
6026	779.200
6039	779.200
6059	779.200
6062	779.200
6112	779.200
6191	779.200
6248	779.200
6281	779.200
6389	779.200
6432	779.200
6435	779.200
6477	779.200
6483	779.200
6485	779.200
6491	779.200
6535	779.200
6578	779.200
6665	779.200
6691	779.200
6759	779.200
6802	779.200
6828	779.200
6862	779.200
6922	779.200
7055	779.200
7096	779.200
7158	779.200
7261	779.200
7378	779.200
7388	779.200
7401	779.200
5995	779.300
6033	779.300
6065	779.300
6083	779.300
6085	779.300
6114	779.300
6149	779.300
6216	779.300
6258	779.300
6336	779.300
6338	779.300
6394	779.300
6561	779.300
6648	779.300
6686	779.300
6687	779.300
6728	779.300
6822	779.300
6875	779.300
6953	779.300
6962	779.300
6968	779.300
6978	779.300
7022	779.300
7059	779.300
7061	779.300
7074	779.300
7106	779.300
7191	779.300
7197	779.300
7227	779.300
7266	779.300
7392	779.300
5985	779.400
6018	779.400
6106	779.400
6132	779.400
6261	779.400
6274	779.400
6358	779.400
6395	779.400
6442	779.400
6493	779.400
6545	779.400
6559	779.400
6601	779.400
6607	779.400
6676	779.400
6678	779.400
6708	779.400
6720	779.400
6748	779.400
6749	779.400
6860	779.400
6918	779.400
6932	779.400
6954	779.400
6970	779.400
7006	779.400
7011	779.400
7012	779.400
7125	779.400
7140	779.400
7170	779.400
7173	779.400
7260	779.400
7268	779.400
7289	779.400
7292	779.400
7331	779.400
7353	779.400
6009	779.500
6034	779.500
6051	779.500
6066	779.500
6073	779.500
6168	779.500
6208	779.500
6287	779.500
6300	779.500
6306	779.500
6337	779.500
6374	779.500
6377	779.500
6385	779.500
6393	779.500
6556	779.500
6575	779.500
6658	779.500
6713	779.500
6819	779.500
6825	779.500
6837	779.500
6866	779.500
6927	779.500
6975	779.500
7044	779.500
7147	779.500
7155	779.500
7166	779.500
7201	779.500
7319	779.500
7396	779.500
7414	779.500
5983	779.600
6008	779.600
6049	779.600
6077	779.600
6121	779.600
6187	779.600
6201	779.600
6234	779.600
6251	779.600
6327	779.600
6417	779.600
6423	779.600
6466	779.600
6520	779.600
6525	779.600
6527	779.600
6533	779.600
6568	779.600
6609	779.600
6620	779.600
6637	779.600
6719	779.600
6738	779.600
6790	779.600
6827	779.600
6867	779.600
6871	779.600
6881	779.600
6937	779.600
6963	779.600
6965	779.600
6988	779.600
7049	779.600
7157	779.600
7211	779.600
7238	779.600
7253	779.600
6037	779.700
6108	779.700
6177	779.700
6179	779.700
6186	779.700
6194	779.700
6214	779.700
6217	779.700
6244	779.700
6307	779.700
6313	779.700
6373	779.700
6383	779.700
6446	779.700
6449	779.700
6450	779.700
6517	779.700
6576	779.700
6613	779.700
6628	779.700
6630	779.700
6638	779.700
6645	779.700
6646	779.700
6683	779.700
6754	779.700
6776	779.700
6882	779.700
6900	779.700
6956	779.700
7017	779.700
7041	779.700
7119	779.700
7128	779.700
7133	779.700
7152	779.700
7198	779.700
7202	779.700
7209	779.700
7229	779.700
7236	779.700
7255	779.700
7269	779.700
7281	779.700
7298	779.700
7311	779.700
7351	779.700
7400	779.700
7418	779.700
5991	779.800
6004	779.800
6081	779.800
6104	779.800
6130	779.800
6159	779.800
6160	779.800
6165	779.800
6203	779.800
6236	779.800
6238	779.800
6253	779.800
6256	779.800
6317	779.800
6318	779.800
6355	779.800
6437	779.800
6448	779.800
6476	779.800
6510	779.800
6521	779.800
6573	779.800
6589	779.800
6599	779.800
6603	779.800
6616	779.800
6631	779.800
6671	779.800
6685	779.800
6724	779.800
6765	779.800
6792	779.800
6794	779.800
6830	779.800
6845	779.800
6893	779.800
6917	779.800
6942	779.800
6982	779.800
6997	779.800
7029	779.800
7076	779.800
7098	779.800
7116	779.800
7141	779.800
7172	779.800
7177	779.800
7188	779.800
7204	779.800
7263	779.800
7272	779.800
7330	779.800
7338	779.800
7360	779.800
7362	779.800
7404	779.800
7416	779.800
7420	779.800
6042	779.900
6045	779.900
6047	779.900
6100	779.900
6111	779.900
6139	779.900
6156	779.900
6213	779.900
6219	779.900
6232	779.900
6240	779.900
6252	779.900
6254	779.900
6271	779.900
6289	779.900
6303	779.900
6305	779.900
6319	779.900
6320	779.900
6322	779.900
6407	779.900
6415	779.900
6487	779.900
6489	779.900
6508	779.900
6585	779.900
6593	779.900
6647	779.900
6654	779.900
6698	779.900
6740	779.900
6746	779.900
6752	779.900
6795	779.900
6797	779.900
6897	779.900
6902	779.900
6928	779.900
6980	779.900
6981	779.900
6985	779.900
6999	779.900
7000	779.900
7002	779.900
7065	779.900
7139	779.900
7146	779.900
7156	779.900
7189	779.900
7208	779.900
7225	779.900
7242	779.900
7250	779.900
7286	779.900
7339	779.900
7341	779.900
7393	779.900
5986	780.000
6024	780.000
6041	780.000
6044	780.000
6063	780.000
6101	780.000
6155	780.000
6197	780.000
6218	780.000
6268	780.000
6277	780.000
6357	780.000
6367	780.000
6384	780.000
6387	780.000
6440	780.000
6447	780.000
6507	780.000
6537	780.000
6692	780.000
6731	780.000
6768	780.000
6769	780.000
6835	780.000
6839	780.000
6913	780.000
7039	780.000
7047	780.000
7071	780.000
7120	780.000
7138	780.000
7196	780.000
7220	780.000
7240	780.000
7305	780.000
7313	780.000
7357	780.000
7365	780.000
7380	780.000
7405	780.000
6110	780.100
6171	780.100
6231	780.100
6265	780.100
6324	780.100
6332	780.100
6343	780.100
6345	780.100
6378	780.100
6411	780.100
6430	780.100
6468	780.100
6505	780.100
6549	780.100
6644	780.100
6715	780.100
6718	780.100
6726	780.100
6782	780.100
6799	780.100
6896	780.100
6934	780.100
6951	780.100
6979	780.100
7016	780.100
7024	780.100
7028	780.100
7082	780.100
7109	780.100
7150	780.100
7151	780.100
7192	780.100
7226	780.100
7244	780.100
7245	780.100
7252	780.100
7262	780.100
7279	780.100
7301	780.100
7370	780.100
7381	780.100
7386	780.100
7397	780.100
7402	780.100
6054	780.200
6074	780.200
6173	780.200
6192	780.200
6199	780.200
6215	780.200
6353	780.200
6363	780.200
6364	780.200
6453	780.200
6454	780.200
6467	780.200
6566	780.200
6669	780.200
6677	780.200
6700	780.200
6707	780.200
6714	780.200
6811	780.200
6865	780.200
6947	780.200
6952	780.200
6964	780.200
6984	780.200
7115	780.200
7132	780.200
7142	780.200
7148	780.200
7186	780.200
7187	780.200
7283	780.200
7352	780.200
7409	780.200
6129	780.300
6241	780.300
6341	780.300
6434	780.300
6523	780.300
6656	780.300
6727	780.300
6733	780.300
6890	780.300
6892	780.300
7007	780.300
7069	780.300
7113	780.300
7246	780.300
7285	780.300
7390	780.300
7408	780.300
7413	780.300
5997	780.400
6032	780.400
6040	780.400
6061	780.400
6105	780.400
6116	780.400
6141	780.400
6151	780.400
6230	780.400
6257	780.400
6288	780.400
6308	780.400
6379	780.400
6412	780.400
6416	780.400
6600	780.400
6633	780.400
6742	780.400
6838	780.400
6846	780.400
6864	780.400
6903	780.400
6949	780.400
6989	780.400
7034	780.400
7072	780.400
7103	780.400
7124	780.400
7143	780.400
7299	780.400
7349	780.400
6255	780.500
6279	780.500
6443	780.500
6514	780.500
6515	780.500
6544	780.500
6572	780.500
6605	780.500
6681	780.500
6781	780.500
6924	780.500
6983	780.500
6994	780.500
7070	780.500
7080	780.500
7180	780.500
7373	780.500
6006	780.600
6070	780.600
6346	780.600
6392	780.600
6887	780.600
6898	780.600
7122	780.600
6567	780.700
7018	780.700
7233	780.700
6775	780.900
6353	792.300
6921	795.100
5995	795.700
6155	796.400
6766	796.600
7204	796.700
7069	796.800
6288	796.900
6794	796.900
7246	796.900
6508	797.600
6415	797.700
6440	797.700
6447	797.800
7080	797.800
6449	798.000
7252	798.000
7302	798.000
6700	798.100
7142	798.200
7338	798.200
6811	798.400
6126	798.500
6598	798.700
7038	798.700
7072	798.700
6199	798.800
7187	798.800
7242	798.800
6226	798.900
6314	799.000
7061	799.000
6648	799.100
7212	799.100
6646	799.200
6549	799.400
7006	799.500
6135	799.600
6310	799.600
6374	799.600
6854	799.600
6110	799.700
6783	799.700
7047	799.700
7283	799.700
6712	799.800
6942	799.800
7122	799.800
6630	799.900
6915	799.900
7113	799.900
7211	799.900
7358	799.900
6151	800.000
6812	800.000
6866	800.000
6966	800.000
6983	800.000
6253	800.100
6424	800.100
6472	800.100
6928	800.100
7079	800.100
7172	800.100
6436	800.200
6771	800.200
7227	800.200
7316	800.200
6005	800.300
6254	800.300
6432	800.300
6710	800.300
7220	800.300
7272	800.300
6034	800.400
6141	800.400
6632	800.400
6675	800.400
7311	800.400
6216	800.500
6291	800.500
6480	800.500
6814	800.500
6865	800.500
7098	800.500
7253	800.500
6128	800.600
6893	800.600
7018	800.600
6116	800.700
6229	800.700
6419	800.700
6699	800.700
7044	800.700
7118	800.700
7341	800.700
6044	800.800
6111	800.800
6293	800.800
7027	800.800
7159	800.800
7185	800.800
7243	800.800
6748	800.900
6835	800.900
6847	800.900
7208	800.900
7400	800.900
7402	800.900
6121	801.000
6231	801.000
6286	801.000
6502	801.000
6776	801.000
7219	801.000
7319	801.000
7370	801.000
6698	801.100
6719	801.100
6722	801.100
6765	801.100
6874	801.100
7041	801.100
7111	801.100
7115	801.100
7119	801.100
7167	801.100
7189	801.100
7378	801.100
7414	801.100
6021	801.200
6083	801.200
6372	801.200
6463	801.200
6464	801.200
6850	801.200
7268	801.200
7380	801.200
6042	801.300
6173	801.300
6214	801.300
6523	801.300
6683	801.300
6919	801.300
7140	801.300
7238	801.300
6011	801.400
6241	801.400
6246	801.400
6644	801.400
6749	801.400
6845	801.400
6882	801.400
6996	801.400
7116	801.400
7151	801.400
7157	801.400
7386	801.400
5995	801.500
6090	801.500
6097	801.500
6257	801.500
6259	801.500
6295	801.500
6331	801.500
6338	801.500
6533	801.500
6609	801.500
6778	801.500
6820	801.500
6824	801.500
7024	801.500
7226	801.500
7369	801.500
6028	801.600
6095	801.600
6123	801.600
6192	801.600
6230	801.600
6236	801.600
6385	801.600
6455	801.600
6520	801.600
6652	801.600
6827	801.600
6905	801.600
6956	801.600
7336	801.600
6019	801.700
6171	801.700
6198	801.700
6404	801.700
6416	801.700
6468	801.700
6610	801.700
6660	801.700
6678	801.700
6686	801.700
6752	801.700
6838	801.700
6923	801.700
6941	801.700
6969	801.700
7022	801.700
6060	801.800
6146	801.800
6252	801.800
6262	801.800
6320	801.800
6389	801.800
6395	801.800
6452	801.800
6669	801.800
6672	801.800
6733	801.800
6761	801.800
6784	801.800
6921	801.800
7158	801.800
7397	801.800
6136	801.900
6140	801.900
6240	801.900
6423	801.900
6603	801.900
6626	801.900
6673	801.900
6707	801.900
6721	801.900
6728	801.900
6792	801.900
6819	801.900
6839	801.900
6864	801.900
7020	801.900
7147	801.900
7173	801.900
7178	801.900
7248	801.900
7250	801.900
7289	801.900
7305	801.900
7367	801.900
7373	801.900
5986	802.000
6037	802.000
6191	802.000
6313	802.000
6366	802.000
6392	802.000
6495	802.000
6524	802.000
6545	802.000
6576	802.000
6578	802.000
6590	802.000
6924	802.000
6971	802.000
6973	802.000
7003	802.000
7076	802.000
7207	802.000
7209	802.000
7360	802.000
7390	802.000
5985	802.100
6004	802.100
6047	802.100
6133	802.100
6228	802.100
6258	802.100
6371	802.100
6394	802.100
6450	802.100
6466	802.100
6487	802.100
6515	802.100
6774	802.100
6777	802.100
6837	802.100
6892	802.100
6902	802.100
6955	802.100
6984	802.100
7029	802.100
7069	802.100
7083	802.100
7260	802.100
7408	802.100
7415	802.100
6041	802.200
6065	802.200
6105	802.200
6115	802.200
6194	802.200
6218	802.200
6275	802.200
6281	802.200
6296	802.200
6417	802.200
6421	802.200
6443	802.200
6467	802.200
6492	802.200
6510	802.200
6521	802.200
6525	802.200
6585	802.200
6643	802.200
6732	802.200
6769	802.200
6791	802.200
6900	802.200
6930	802.200
6949	802.200
7049	802.200
7071	802.200
7074	802.200
7104	802.200
7156	802.200
7175	802.200
7188	802.200
7262	802.200
7266	802.200
7315	802.200
7324	802.200
7404	802.200
7420	802.200
6018	802.300
6045	802.300
6051	802.300
6071	802.300
6114	802.300
6181	802.300
6255	802.300
6266	802.300
6343	802.300
6420	802.300
6434	802.300
6475	802.300
6490	802.300
6601	802.300
6607	802.300
6611	802.300
6654	802.300
6713	802.300
6746	802.300
6753	802.300
6782	802.300
6913	802.300
6954	802.300
6982	802.300
7004	802.300
7181	802.300
7362	802.300
7365	802.300
7401	802.300
6163	802.400
6190	802.400
6200	802.400
6211	802.400
6224	802.400
6244	802.400
6277	802.400
6318	802.400
6319	802.400
6348	802.400
6373	802.400
6462	802.400
6572	802.400
6589	802.400
6631	802.400
6702	802.400
6764	802.400
6770	802.400
6775	802.400
6817	802.400
6840	802.400
6883	802.400
6903	802.400
6981	802.400
7086	802.400
7152	802.400
7278	802.400
7330	802.400
7340	802.400
5988	802.500
6008	802.500
6036	802.500
6052	802.500
6064	802.500
6152	802.500
6197	802.500
6337	802.500
6405	802.500
6410	802.500
6430	802.500
6491	802.500
6504	802.500
6548	802.500
6599	802.500
6613	802.500
6635	802.500
6637	802.500
6687	802.500
6692	802.500
6875	802.500
6908	802.500
6957	802.500
6962	802.500
6970	802.500
6979	802.500
7103	802.500
7128	802.500
7197	802.500
7202	802.500
7244	802.500
7254	802.500
7279	802.500
7335	802.500
5984	802.600
6032	802.600
6074	802.600
6109	802.600
6149	802.600
6232	802.600
6273	802.600
6298	802.600
6316	802.600
6317	802.600
6328	802.600
6357	802.600
6358	802.600
6437	802.600
6476	802.600
6517	802.600
6529	802.600
6539	802.600
6556	802.600
6564	802.600
6605	802.600
6640	802.600
6715	802.600
6729	802.600
6767	802.600
6768	802.600
6863	802.600
6881	802.600
7057	802.600
7075	802.600
7099	802.600
7161	802.600
7196	802.600
7245	802.600
7282	802.600
7292	802.600
7346	802.600
7393	802.600
7396	802.600
5991	802.700
6006	802.700
6009	802.700
6054	802.700
6081	802.700
6106	802.700
6155	802.700
6160	802.700
6172	802.700
6217	802.700
6223	802.700
6238	802.700
6315	802.700
6380	802.700
6505	802.700
6535	802.700
6557	802.700
6596	802.700
6612	802.700
6642	802.700
6668	802.700
6718	802.700
6793	802.700
6802	802.700
6933	802.700
6953	802.700
6963	802.700
6978	802.700
7016	802.700
7061	802.700
7070	802.700
7084	802.700
7106	802.700
7109	802.700
7134	802.700
7144	802.700
7146	802.700
7169	802.700
7204	802.700
7221	802.700
7233	802.700
7240	802.700
7281	802.700
6026	802.800
6168	802.800
6203	802.800
6213	802.800
6307	802.800
6334	802.800
6364	802.800
6377	802.800
6379	802.800
6393	802.800
6454	802.800
6527	802.800
6569	802.800
6593	802.800
6614	802.800
6616	802.800
6633	802.800
6651	802.800
6754	802.800
6762	802.800
6773	802.800
6779	802.800
6880	802.800
6947	802.800
7192	802.800
7217	802.800
7255	802.800
7263	802.800
7285	802.800
7290	802.800
7298	802.800
7352	802.800
7357	802.800
6055	802.900
6130	802.900
6166	802.900
6247	802.900
6256	802.900
6261	802.900
6271	802.900
6272	802.900
6274	802.900
6279	802.900
6327	802.900
6350	802.900
6383	802.900
6470	802.900
6477	802.900
6478	802.900
6528	802.900
6561	802.900
6581	802.900
6723	802.900
6740	802.900
6843	802.900
6907	802.900
6927	802.900
6985	802.900
7023	802.900
7073	802.900
7124	802.900
7165	802.900
7258	802.900
7261	802.900
7301	802.900
7332	802.900
7349	802.900
7405	802.900
7418	802.900
6056	803.000
6100	803.000
6101	803.000
6129	803.000
6147	803.000
6156	803.000
6186	803.000
6201	803.000
6235	803.000
6314	803.000
6363	803.000
6365	803.000
6378	803.000
6575	803.000
6608	803.000
6615	803.000
6620	803.000
6685	803.000
6691	803.000
6724	803.000
6726	803.000
6742	803.000
6822	803.000
6825	803.000
6828	803.000
6878	803.000
6897	803.000
7054	803.000
7138	803.000
7155	803.000
7195	803.000
7257	803.000
7286	803.000
7337	803.000
6049	803.100
6159	803.100
6176	803.100
6207	803.100
6345	803.100
6368	803.100
6471	803.100
6568	803.100
6658	803.100
6677	803.100
6696	803.100
6727	803.100
6781	803.100
6901	803.100
6922	803.100
6950	803.100
7053	803.100
7080	803.100
7082	803.100
7093	803.100
7153	803.100
7198	803.100
7273	803.100
7302	803.100
7306	803.100
7351	803.100
7392	803.100
7398	803.100
7409	803.100
7416	803.100
5993	803.200
6039	803.200
6068	803.200
6070	803.200
6077	803.200
6188	803.200
6234	803.200
6239	803.200
6251	803.200
6304	803.200
6474	803.200
6538	803.200
6559	803.200
6645	803.200
6656	803.200
6706	803.200
6846	803.200
6943	803.200
6948	803.200
6989	803.200
7002	803.200
7096	803.200
7180	803.200
7232	803.200
7303	803.200
7308	803.200
7372	803.200
6066	803.300
6268	803.300
6407	803.300
6412	803.300
6449	803.300
6890	803.300
6928	803.300
6931	803.300
6935	803.300
6960	803.300
6988	803.300
7001	803.300
7201	803.300
7325	803.300
6104	803.400
6351	803.400
6972	803.400
7047	803.400
7355	803.400
6108	803.500
6544	803.500
6571	803.500
7000	803.500
7087	803.500
6305	803.600
