# NEST version: 3.5
# RecordingBackendASCII version: 2
sender	time_ms
15145	0.100
15526	0.100
15307	711.600
15878	711.900
15730	712.100
15679	712.200
15708	712.300
14770	712.400
15373	712.400
16059	712.400
14638	712.500
14837	712.500
15066	712.500
15314	712.500
15661	712.500
15696	712.500
15880	712.500
15151	712.600
15303	712.600
15414	712.600
15548	712.600
15562	712.600
15601	712.600
15615	712.600
16043	712.600
14632	712.700
14658	712.700
14688	712.700
14707	712.700
14830	712.700
14913	712.700
14940	712.700
14951	712.700
15097	712.700
15112	712.700
15170	712.700
15200	712.700
15387	712.700
15464	712.700
15516	712.700
15573	712.700
15639	712.700
15707	712.700
15715	712.700
15799	712.700
15827	712.700
15876	712.700
15890	712.700
14631	712.800
14715	712.800
14741	712.800
14760	712.800
14805	712.800
15063	712.800
15144	712.800
15214	712.800
15228	712.800
15383	712.800
15435	712.800
15487	712.800
15520	712.800
15559	712.800
15585	712.800
15667	712.800
15675	712.800
15712	712.800
15727	712.800
15778	712.800
15785	712.800
15788	712.800
15965	712.800
15967	712.800
16019	712.800
14723	712.900
14757	712.900
14799	712.900
14816	712.900
14852	712.900
14863	712.900
14992	712.900
15018	712.900
15029	712.900
15054	712.900
15068	712.900
15135	712.900
15138	712.900
15192	712.900
15209	712.900
15213	712.900
15238	712.900
15252	712.900
15262	712.900
15266	712.900
15291	712.900
15304	712.900
15316	712.900
15343	712.900
15525	712.900
15583	712.900
15607	712.900
15649	712.900
15697	712.900
15705	712.900
15769	712.900
15797	712.900
15963	712.900
15974	712.900
15984	712.900
16002	712.900
16030	712.900
14663	713.000
14691	713.000
14726	713.000
14745	713.000
14800	713.000
14802	713.000
14822	713.000
14835	713.000
14836	713.000
14861	713.000
14862	713.000
14868	713.000
14906	713.000
14962	713.000
15032	713.000
15035	713.000
15108	713.000
15134	713.000
15195	713.000
15212	713.000
15225	713.000
15260	713.000
15268	713.000
15282	713.000
15333	713.000
15381	713.000
15437	713.000
15454	713.000
15492	713.000
15514	713.000
15517	713.000
15561	713.000
15630	713.000
15641	713.000
15787	713.000
15809	713.000
15824	713.000
15846	713.000
15865	713.000
15927	713.000
15942	713.000
15986	713.000
15993	713.000
16027	713.000
16042	713.000
14627	713.100
14648	713.100
14659	713.100
14687	713.100
14701	713.100
14718	713.100
14736	713.100
14762	713.100
14774	713.100
14775	713.100
14778	713.100
14815	713.100
14880	713.100
14923	713.100
14927	713.100
14943	713.100
14949	713.100
14959	713.100
14961	713.100
15036	713.100
15039	713.100
15083	713.100
15100	713.100
15109	713.100
15167	713.100
15183	713.100
15254	713.100
15276	713.100
15281	713.100
15287	713.100
15300	713.100
15317	713.100
15335	713.100
15419	713.100
15420	713.100
15425	713.100
15428	713.100
15431	713.100
15436	713.100
15449	713.100
15469	713.100
15483	713.100
15563	713.100
15580	713.100
15582	713.100
15608	713.100
15611	713.100
15628	713.100
15644	713.100
15647	713.100
15672	713.100
15674	713.100
15694	713.100
15698	713.100
15700	713.100
15719	713.100
15721	713.100
15732	713.100
15733	713.100
15742	713.100
15745	713.100
15764	713.100
15810	713.100
15818	713.100
15832	713.100
15843	713.100
15855	713.100
15859	713.100
15881	713.100
15884	713.100
15894	713.100
15905	713.100
15907	713.100
15914	713.100
15935	713.100
15939	713.100
15976	713.100
16032	713.100
14635	713.200
14643	713.200
14669	713.200
14673	713.200
14692	713.200
14731	713.200
14772	713.200
14785	713.200
14788	713.200
14789	713.200
14801	713.200
14828	713.200
14839	713.200
14842	713.200
14890	713.200
14894	713.200
14897	713.200
14900	713.200
14918	713.200
14920	713.200
14933	713.200
14939	713.200
14996	713.200
14997	713.200
15006	713.200
15037	713.200
15064	713.200
15074	713.200
15085	713.200
15110	713.200
15120	713.200
15125	713.200
15136	713.200
15137	713.200
15155	713.200
15201	713.200
15208	713.200
15224	713.200
15237	713.200
15244	713.200
15245	713.200
15258	713.200
15277	713.200
15286	713.200
15288	713.200
15292	713.200
15332	713.200
15340	713.200
15365	713.200
15391	713.200
15404	713.200
15415	713.200
15456	713.200
15498	713.200
15500	713.200
15504	713.200
15518	713.200
15524	713.200
15564	713.200
15596	713.200
15629	713.200
15637	713.200
15646	713.200
15648	713.200
15691	713.200
15699	713.200
15704	713.200
15741	713.200
15746	713.200
15753	713.200
15760	713.200
15771	713.200
15775	713.200
15776	713.200
15784	713.200
15790	713.200
15801	713.200
15806	713.200
15831	713.200
15848	713.200
15868	713.200
15869	713.200
15882	713.200
15885	713.200
15889	713.200
15924	713.200
15926	713.200
15938	713.200
15970	713.200
15999	713.200
16000	713.200
16015	713.200
16041	713.200
16055	713.200
16062	713.200
16063	713.200
14639	713.300
14674	713.300
14693	713.300
14695	713.300
14710	713.300
14716	713.300
14717	713.300
14719	713.300
14738	713.300
14744	713.300
14752	713.300
14754	713.300
14761	713.300
14767	713.300
14769	713.300
14773	713.300
14798	713.300
14804	713.300
14808	713.300
14838	713.300
14870	713.300
14873	713.300
14874	713.300
14881	713.300
14887	713.300
14889	713.300
14898	713.300
14903	713.300
14917	713.300
14924	713.300
14929	713.300
14963	713.300
14985	713.300
14998	713.300
15013	713.300
15026	713.300
15030	713.300
15040	713.300
15041	713.300
15050	713.300
15071	713.300
15072	713.300
15073	713.300
15089	713.300
15113	713.300
15124	713.300
15133	713.300
15176	713.300
15204	713.300
15215	713.300
15223	713.300
15230	713.300
15233	713.300
15240	713.300
15255	713.300
15279	713.300
15299	713.300
15319	713.300
15320	713.300
15322	713.300
15324	713.300
15325	713.300
15327	713.300
15328	713.300
15364	713.300
15369	713.300
15379	713.300
15392	713.300
15393	713.300
15394	713.300
15403	713.300
15418	713.300
15447	713.300
15451	713.300
15474	713.300
15490	713.300
15499	713.300
15545	713.300
15568	713.300
15579	713.300
15586	713.300
15590	713.300
15622	713.300
15627	713.300
15634	713.300
15645	713.300
15664	713.300
15676	713.300
15724	713.300
15761	713.300
15762	713.300
15770	713.300
15826	713.300
15829	713.300
15836	713.300
15866	713.300
15893	713.300
15901	713.300
15921	713.300
15931	713.300
15973	713.300
15975	713.300
16009	713.300
16021	713.300
16026	713.300
16029	713.300
16034	713.300
16036	713.300
16050	713.300
16066	713.300
14652	713.400
14682	713.400
14700	713.400
14734	713.400
14740	713.400
14780	713.400
14796	713.400
14806	713.400
14824	713.400
14825	713.400
14840	713.400
14878	713.400
14882	713.400
14911	713.400
14919	713.400
14930	713.400
14934	713.400
14937	713.400
14956	713.400
14957	713.400
14972	713.400
14975	713.400
14983	713.400
14995	713.400
15010	713.400
15023	713.400
15046	713.400
15062	713.400
15076	713.400
15086	713.400
15098	713.400
15102	713.400
15107	713.400
15114	713.400
15115	713.400
15117	713.400
15122	713.400
15126	713.400
15129	713.400
15143	713.400
15146	713.400
15156	713.400
15164	713.400
15165	713.400
15174	713.400
15179	713.400
15182	713.400
15188	713.400
15197	713.400
15206	713.400
15222	713.400
15226	713.400
15236	713.400
15247	713.400
15248	713.400
15250	713.400
15270	713.400
15272	713.400
15274	713.400
15278	713.400
15294	713.400
15297	713.400
15301	713.400
15308	713.400
15318	713.400
15330	713.400
15331	713.400
15339	713.400
15348	713.400
15355	713.400
15382	713.400
15390	713.400
15406	713.400
15417	713.400
15424	713.400
15443	713.400
15452	713.400
15461	713.400
15475	713.400
15486	713.400
15491	713.400
15495	713.400
15502	713.400
15505	713.400
15507	713.400
15513	713.400
15515	713.400
15519	713.400
15523	713.400
15527	713.400
15531	713.400
15570	713.400
15589	713.400
15599	713.400
15602	713.400
15610	713.400
15616	713.400
15632	713.400
15640	713.400
15713	713.400
15716	713.400
15720	713.400
15743	713.400
15750	713.400
15773	713.400
15780	713.400
15791	713.400
15803	713.400
15805	713.400
15812	713.400
15841	713.400
15852	713.400
15864	713.400
15872	713.400
15897	713.400
15903	713.400
15929	713.400
15958	713.400
15981	713.400
15987	713.400
15988	713.400
15990	713.400
15996	713.400
16003	713.400
16014	713.400
16018	713.400
16024	713.400
16045	713.400
16061	713.400
14645	713.500
14651	713.500
14664	713.500
14665	713.500
14672	713.500
14676	713.500
14704	713.500
14706	713.500
14714	713.500
14720	713.500
14737	713.500
14751	713.500
14755	713.500
14756	713.500
14765	713.500
14776	713.500
14795	713.500
14803	713.500
14817	713.500
14819	713.500
14821	713.500
14831	713.500
14833	713.500
14843	713.500
14849	713.500
14854	713.500
14856	713.500
14865	713.500
14875	713.500
14904	713.500
14922	713.500
14928	713.500
14938	713.500
14946	713.500
14953	713.500
14954	713.500
14960	713.500
14966	713.500
14989	713.500
15005	713.500
15007	713.500
15008	713.500
15011	713.500
15033	713.500
15034	713.500
15043	713.500
15048	713.500
15057	713.500
15077	713.500
15080	713.500
15082	713.500
15088	713.500
15094	713.500
15104	713.500
15119	713.500
15131	713.500
15140	713.500
15142	713.500
15145	713.500
15147	713.500
15154	713.500
15157	713.500
15159	713.500
15168	713.500
15185	713.500
15189	713.500
15198	713.500
15234	713.500
15235	713.500
15242	713.500
15246	713.500
15251	713.500
15253	713.500
15267	713.500
15269	713.500
15284	713.500
15302	713.500
15309	713.500
15323	713.500
15336	713.500
15345	713.500
15352	713.500
15353	713.500
15372	713.500
15377	713.500
15400	713.500
15413	713.500
15426	713.500
15432	713.500
15445	713.500
15448	713.500
15453	713.500
15455	713.500
15460	713.500
15467	713.500
15468	713.500
15477	713.500
15480	713.500
15497	713.500
15506	713.500
15509	713.500
15521	713.500
15529	713.500
15536	713.500
15542	713.500
15546	713.500
15551	713.500
15552	713.500
15554	713.500
15569	713.500
15571	713.500
15593	713.500
15598	713.500
15620	713.500
15621	713.500
15650	713.500
15656	713.500
15657	713.500
15658	713.500
15666	713.500
15681	713.500
15690	713.500
15722	713.500
15729	713.500
15735	713.500
15740	713.500
15752	713.500
15757	713.500
15763	713.500
15767	713.500
15772	713.500
15777	713.500
15781	713.500
15793	713.500
15811	713.500
15814	713.500
15820	713.500
15835	713.500
15853	713.500
15860	713.500
15861	713.500
15867	713.500
15886	713.500
15892	713.500
15898	713.500
15899	713.500
15909	713.500
15915	713.500
15937	713.500
15940	713.500
15953	713.500
15955	713.500
15977	713.500
15994	713.500
15998	713.500
16005	713.500
16010	713.500
16012	713.500
16056	713.500
16058	713.500
16064	713.500
14641	713.600
14646	713.600
14654	713.600
14662	713.600
14670	713.600
14671	713.600
14677	713.600
14735	713.600
14739	713.600
14746	713.600
14749	713.600
14750	713.600
14759	713.600
14779	713.600
14791	713.600
14793	713.600
14794	713.600
14813	713.600
14818	713.600
14820	713.600
14827	713.600
14834	713.600
14844	713.600
14845	713.600
14846	713.600
14864	713.600
14866	713.600
14876	713.600
14896	713.600
14899	713.600
14902	713.600
14915	713.600
14921	713.600
14935	713.600
14945	713.600
14964	713.600
14967	713.600
14978	713.600
14980	713.600
14981	713.600
14984	713.600
15002	713.600
15014	713.600
15019	713.600
15044	713.600
15052	713.600
15081	713.600
15091	713.600
15111	713.600
15121	713.600
15139	713.600
15141	713.600
15158	713.600
15160	713.600
15162	713.600
15169	713.600
15171	713.600
15175	713.600
15202	713.600
15203	713.600
15211	713.600
15218	713.600
15257	713.600
15271	713.600
15298	713.600
15315	713.600
15326	713.600
15350	713.600
15357	713.600
15366	713.600
15371	713.600
15378	713.600
15385	713.600
15399	713.600
15412	713.600
15427	713.600
15439	713.600
15440	713.600
15442	713.600
15473	713.600
15488	713.600
15526	713.600
15535	713.600
15539	713.600
15543	713.600
15547	713.600
15550	713.600
15556	713.600
15558	713.600
15576	713.600
15605	713.600
15612	713.600
15613	713.600
15618	713.600
15619	713.600
15631	713.600
15651	713.600
15652	713.600
15670	713.600
15677	713.600
15680	713.600
15683	713.600
15692	713.600
15695	713.600
15709	713.600
15731	713.600
15734	713.600
15736	713.600
15737	713.600
15747	713.600
15748	713.600
15749	713.600
15751	713.600
15754	713.600
15765	713.600
15768	713.600
15796	713.600
15802	713.600
15828	713.600
15844	713.600
15851	713.600
15854	713.600
15858	713.600
15873	713.600
15879	713.600
15887	713.600
15895	713.600
15906	713.600
15908	713.600
15912	713.600
15918	713.600
15919	713.600
15934	713.600
15941	713.600
15946	713.600
15949	713.600
15952	713.600
15968	713.600
15980	713.600
15983	713.600
15997	713.600
16004	713.600
16023	713.600
16037	713.600
16040	713.600
16046	713.600
16047	713.600
16060	713.600
14628	713.700
14634	713.700
14640	713.700
14653	713.700
14660	713.700
14684	713.700
14686	713.700
14690	713.700
14694	713.700
14697	713.700
14702	713.700
14703	713.700
14732	713.700
14748	713.700
14758	713.700
14766	713.700
14787	713.700
14797	713.700
14826	713.700
14847	713.700
14848	713.700
14871	713.700
14884	713.700
14888	713.700
14908	713.700
14941	713.700
14948	713.700
14958	713.700
14965	713.700
14974	713.700
14986	713.700
14988	713.700
14993	713.700
15004	713.700
15009	713.700
15020	713.700
15031	713.700
15042	713.700
15056	713.700
15058	713.700
15061	713.700
15067	713.700
15069	713.700
15087	713.700
15105	713.700
15106	713.700
15118	713.700
15128	713.700
15132	713.700
15161	713.700
15172	713.700
15180	713.700
15216	713.700
15220	713.700
15249	713.700
15264	713.700
15306	713.700
15311	713.700
15351	713.700
15358	713.700
15361	713.700
15362	713.700
15363	713.700
15395	713.700
15401	713.700
15402	713.700
15405	713.700
15416	713.700
15422	713.700
15434	713.700
15438	713.700
15458	713.700
15459	713.700
15462	713.700
15466	713.700
15471	713.700
15472	713.700
15482	713.700
15484	713.700
15494	713.700
15511	713.700
15534	713.700
15566	713.700
15578	713.700
15584	713.700
15588	713.700
15624	713.700
15625	713.700
15642	713.700
15643	713.700
15654	713.700
15659	713.700
15662	713.700
15663	713.700
15665	713.700
15682	713.700
15693	713.700
15714	713.700
15717	713.700
15718	713.700
15726	713.700
15738	713.700
15756	713.700
15766	713.700
15795	713.700
15807	713.700
15816	713.700
15821	713.700
15847	713.700
15849	713.700
15863	713.700
15877	713.700
15913	713.700
15920	713.700
15930	713.700
15932	713.700
15943	713.700
15947	713.700
15950	713.700
15960	713.700
15961	713.700
15982	713.700
15989	713.700
15995	713.700
16001	713.700
16006	713.700
16008	713.700
16011	713.700
16020	713.700
16025	713.700
16044	713.700
16048	713.700
14633	713.800
14636	713.800
14650	713.800
14657	713.800
14675	713.800
14685	713.800
14698	713.800
14705	713.800
14712	713.800
14721	713.800
14725	713.800
14729	713.800
14747	713.800
14753	713.800
14763	713.800
14764	713.800
14777	713.800
14784	713.800
14792	713.800
14810	713.800
14811	713.800
14812	713.800
14814	713.800
14823	713.800
14829	713.800
14841	713.800
14855	713.800
14877	713.800
14883	713.800
14885	713.800
14892	713.800
14914	713.800
14925	713.800
14931	713.800
14932	713.800
14947	713.800
14950	713.800
14968	713.800
14971	713.800
14976	713.800
15003	713.800
15012	713.800
15024	713.800
15028	713.800
15038	713.800
15078	713.800
15090	713.800
15127	713.800
15148	713.800
15149	713.800
15152	713.800
15153	713.800
15177	713.800
15178	713.800
15181	713.800
15184	713.800
15186	713.800
15210	713.800
15217	713.800
15219	713.800
15221	713.800
15229	713.800
15231	713.800
15243	713.800
15261	713.800
15273	713.800
15280	713.800
15290	713.800
15295	713.800
15296	713.800
15310	713.800
15312	713.800
15347	713.800
15354	713.800
15356	713.800
15360	713.800
15370	713.800
15375	713.800
15397	713.800
15407	713.800
15433	713.800
15446	713.800
15450	713.800
15457	713.800
15463	713.800
15476	713.800
15501	713.800
15503	713.800
15510	713.800
15512	713.800
15540	713.800
15541	713.800
15557	713.800
15574	713.800
15587	713.800
15594	713.800
15600	713.800
15604	713.800
15609	713.800
15626	713.800
15635	713.800
15688	713.800
15689	713.800
15701	713.800
15703	713.800
15706	713.800
15711	713.800
15744	713.800
15774	713.800
15783	713.800
15786	713.800
15804	713.800
15813	713.800
15815	713.800
15817	713.800
15823	713.800
15840	713.800
15842	713.800
15850	713.800
15857	713.800
15862	713.800
15874	713.800
15875	713.800
15904	713.800
15911	713.800
15916	713.800
15922	713.800
15928	713.800
15951	713.800
15964	713.800
15966	713.800
15979	713.800
15985	713.800
16007	713.800
16013	713.800
16017	713.800
16028	713.800
16031	713.800
16051	713.800
16065	713.800
14629	713.900
14661	713.900
14666	713.900
14699	713.900
14722	713.900
14724	713.900
14733	713.900
14742	713.900
14768	713.900
14771	713.900
14786	713.900
14853	713.900
14857	713.900
14859	713.900
14860	713.900
14869	713.900
14872	713.900
14891	713.900
14895	713.900
14909	713.900
14910	713.900
14926	713.900
14936	713.900
14955	713.900
14970	713.900
14987	713.900
14990	713.900
14991	713.900
14999	713.900
15001	713.900
15015	713.900
15016	713.900
15017	713.900
15021	713.900
15022	713.900
15049	713.900
15053	713.900
15055	713.900
15059	713.900
15092	713.900
15096	713.900
15123	713.900
15163	713.900
15166	713.900
15187	713.900
15190	713.900
15205	713.900
15207	713.900
15227	713.900
15368	713.900
15376	713.900
15384	713.900
15398	713.900
15409	713.900
15411	713.900
15423	713.900
15444	713.900
15465	713.900
15508	713.900
15522	713.900
15532	713.900
15533	713.900
15538	713.900
15553	713.900
15565	713.900
15572	713.900
15591	713.900
15595	713.900
15606	713.900
15617	713.900
15633	713.900
15636	713.900
15671	713.900
15673	713.900
15685	713.900
15686	713.900
15702	713.900
15710	713.900
15758	713.900
15779	713.900
15782	713.900
15789	713.900
15798	713.900
15822	713.900
15825	713.900
15834	713.900
15838	713.900
15856	713.900
15891	713.900
15896	713.900
15917	713.900
15956	713.900
15992	713.900
16035	713.900
16039	713.900
16053	713.900
14637	714.000
14642	714.000
14649	714.000
14655	714.000
14679	714.000
14713	714.000
14743	714.000
14783	714.000
14850	714.000
14851	714.000
14886	714.000
14893	714.000
14901	714.000
14905	714.000
14907	714.000
14912	714.000
14952	714.000
14973	714.000
14979	714.000
14994	714.000
15051	714.000
15084	714.000
15194	714.000
15199	714.000
15263	714.000
15265	714.000
15289	714.000
15293	714.000
15341	714.000
15349	714.000
15388	714.000
15410	714.000
15441	714.000
15470	714.000
15489	714.000
15493	714.000
15530	714.000
15592	714.000
15623	714.000
15668	714.000
15678	714.000
15684	714.000
15739	714.000
15888	714.000
15923	714.000
15945	714.000
15954	714.000
15957	714.000
15969	714.000
15971	714.000
15972	714.000
15978	714.000
16022	714.000
16033	714.000
14644	714.100
14667	714.100
14678	714.100
14689	714.100
14709	714.100
14728	714.100
14809	714.100
14879	714.100
14982	714.100
15045	714.100
15075	714.100
15093	714.100
15103	714.100
15275	714.100
15285	714.100
15305	714.100
15344	714.100
15346	714.100
15389	714.100
15408	714.100
15575	714.100
15577	714.100
15655	714.100
15723	714.100
15725	714.100
15728	714.100
15759	714.100
15792	714.100
15808	714.100
15833	714.100
15839	714.100
15900	714.100
15925	714.100
15933	714.100
15948	714.100
16016	714.100
16038	714.100
16049	714.100
16052	714.100
14681	714.200
14711	714.200
14867	714.200
14944	714.200
15065	714.200
15150	714.200
15256	714.200
15359	714.200
15660	714.200
15755	714.200
15845	714.200
15099	714.300
15196	714.300
15239	714.300
15283	714.300
15342	714.300
15481	714.300
15883	714.300
16057	714.300
14742	717.700
14823	717.800
15031	717.900
15786	717.900
15212	728.900
15706	731.200
14841	731.600
14954	731.700
14753	732.200
15274	732.300
15952	732.500
14639	732.600
15126	732.900
15730	732.900
14771	733.000
15542	733.000
15956	733.000
15992	733.200
14742	733.300
14959	733.400
15183	733.400
15696	733.500
14731	733.600
15236	733.600
15950	733.700
14710	733.900
14915	734.000
14949	734.000
15525	734.000
15790	734.000
15381	734.100
16015	734.100
14924	734.200
15594	734.200
15391	734.300
15747	734.300
15892	734.300
15322	734.400
15536	734.400
15613	734.400
15071	734.500
15251	734.500
15265	734.500
15676	734.500
15786	734.500
15805	734.500
15922	734.500
14701	734.600
14822	734.600
14976	734.600
14979	734.600
14984	734.600
14988	734.600
15720	734.600
15882	734.600
15969	734.600
14654	734.700
14770	734.700
15540	734.700
15884	734.700
15965	734.700
14665	734.800
14917	734.800
14946	734.800
15197	734.800
15212	734.800
15507	734.800
15667	734.800
15011	734.900
15195	734.900
15518	734.900
15618	734.900
15765	734.900
14795	735.000
14992	735.000
15029	735.000
15105	735.000
15112	735.000
15141	735.000
15390	735.000
15775	735.000
15862	735.000
16066	735.000
14848	735.100
14939	735.100
15010	735.100
15086	735.100
15120	735.100
15250	735.100
15294	735.100
15452	735.100
15548	735.100
15760	735.100
15855	735.100
15896	735.100
16032	735.100
14769	735.200
14835	735.200
14846	735.200
14890	735.200
15041	735.200
15055	735.200
15063	735.200
15074	735.200
15134	735.200
15164	735.200
15297	735.200
15320	735.200
15348	735.200
15365	735.200
15454	735.200
15505	735.200
15647	735.200
15681	735.200
15804	735.200
15926	735.200
15988	735.200
14998	735.300
15260	735.300
15278	735.300
15404	735.300
15420	735.300
15457	735.300
15471	735.300
15770	735.300
15807	735.300
15979	735.300
16059	735.300
14635	735.400
14659	735.400
14765	735.400
14830	735.400
14872	735.400
14914	735.400
15150	735.400
15154	735.400
15167	735.400
15218	735.400
15343	735.400
15590	735.400
15803	735.400
15893	735.400
16043	735.400
14729	735.500
14772	735.500
14776	735.500
14895	735.500
15031	735.500
15037	735.500
15054	735.500
15078	735.500
15307	735.500
15447	735.500
15582	735.500
15601	735.500
15621	735.500
15715	735.500
15750	735.500
15784	735.500
15797	735.500
15876	735.500
15908	735.500
16064	735.500
14805	735.600
14808	735.600
14828	735.600
14980	735.600
15068	735.600
15081	735.600
15090	735.600
15107	735.600
15142	735.600
15156	735.600
15226	735.600
15245	735.600
15257	735.600
15282	735.600
15324	735.600
15373	735.600
15426	735.600
15532	735.600
15539	735.600
15551	735.600
15584	735.600
15600	735.600
15615	735.600
15628	735.600
15634	735.600
15697	735.600
15727	735.600
15772	735.600
15813	735.600
15828	735.600
15880	735.600
15905	735.600
16002	735.600
14641	735.700
14653	735.700
14687	735.700
14756	735.700
14802	735.700
14855	735.700
14935	735.700
14964	735.700
15018	735.700
15066	735.700
15108	735.700
15151	735.700
15204	735.700
15221	735.700
15233	735.700
15254	735.700
15309	735.700
15376	735.700
15500	735.700
15513	735.700
15599	735.700
15619	735.700
15648	735.700
15708	735.700
15788	735.700
15818	735.700
16035	735.700
16063	735.700
14643	735.800
14660	735.800
14767	735.800
14800	735.800
14975	735.800
15004	735.800
15064	735.800
15140	735.800
15188	735.800
15206	735.800
15252	735.800
15253	735.800
15258	735.800
15345	735.800
15385	735.800
15466	735.800
15497	735.800
15502	735.800
15509	735.800
15516	735.800
15610	735.800
15707	735.800
15764	735.800
15768	735.800
15846	735.800
15879	735.800
15960	735.800
15993	735.800
16000	735.800
14629	735.900
14640	735.900
14704	735.900
14715	735.900
14750	735.900
14761	735.900
14763	735.900
14780	735.900
14788	735.900
14796	735.900
14798	735.900
14859	735.900
14864	735.900
14874	735.900
14880	735.900
14884	735.900
14993	735.900
15023	735.900
15072	735.900
15122	735.900
15298	735.900
15333	735.900
15462	735.900
15482	735.900
15490	735.900
15593	735.900
15693	735.900
15694	735.900
15712	735.900
15735	735.900
15778	735.900
15785	735.900
15827	735.900
15873	735.900
15901	735.900
15906	735.900
15949	735.900
15998	735.900
16005	735.900
14628	736.000
14645	736.000
14688	736.000
14698	736.000
14699	736.000
14700	736.000
14754	736.000
14844	736.000
14869	736.000
14875	736.000
14879	736.000
14889	736.000
14947	736.000
14967	736.000
14989	736.000
15003	736.000
15008	736.000
15084	736.000
15111	736.000
15136	736.000
15138	736.000
15214	736.000
15267	736.000
15311	736.000
15375	736.000
15441	736.000
15473	736.000
15492	736.000
15541	736.000
15566	736.000
15568	736.000
15605	736.000
15622	736.000
15627	736.000
15666	736.000
15672	736.000
15703	736.000
15757	736.000
15767	736.000
15802	736.000
15832	736.000
15840	736.000
15857	736.000
15927	736.000
15930	736.000
15934	736.000
15935	736.000
15938	736.000
15987	736.000
15997	736.000
16018	736.000
16037	736.000
16053	736.000
14705	736.100
14737	736.100
14748	736.100
14764	736.100
14797	736.100
14834	736.100
14882	736.100
14903	736.100
14951	736.100
14974	736.100
15077	736.100
15098	736.100
15123	736.100
15162	736.100
15181	736.100
15224	736.100
15234	736.100
15242	736.100
15243	736.100
15256	736.100
15293	736.100
15323	736.100
15360	736.100
15393	736.100
15431	736.100
15467	736.100
15493	736.100
15495	736.100
15512	736.100
15700	736.100
15706	736.100
15740	736.100
15843	736.100
15856	736.100
16034	736.100
14675	736.200
14738	736.200
14745	736.200
14779	736.200
14814	736.200
14823	736.200
14878	736.200
14898	736.200
14909	736.200
15005	736.200
15035	736.200
15048	736.200
15057	736.200
15133	736.200
15158	736.200
15179	736.200
15198	736.200
15222	736.200
15235	736.200
15238	736.200
15271	736.200
15291	736.200
15292	736.200
15340	736.200
15387	736.200
15403	736.200
15435	736.200
15436	736.200
15439	736.200
15444	736.200
15481	736.200
15523	736.200
15535	736.200
15572	736.200
15580	736.200
15595	736.200
15608	736.200
15624	736.200
15650	736.200
15657	736.200
15662	736.200
15711	736.200
15713	736.200
15716	736.200
15741	736.200
15752	736.200
15826	736.200
15831	736.200
15848	736.200
15868	736.200
15894	736.200
15931	736.200
16050	736.200
16062	736.200
14633	736.300
14638	736.300
14706	736.300
14744	736.300
14746	736.300
14747	736.300
14783	736.300
14792	736.300
14865	736.300
14893	736.300
14919	736.300
14929	736.300
14966	736.300
15002	736.300
15017	736.300
15097	736.300
15125	736.300
15182	736.300
15192	736.300
15194	736.300
15223	736.300
15244	736.300
15269	736.300
15281	736.300
15284	736.300
15295	736.300
15314	736.300
15344	736.300
15395	736.300
15443	736.300
15469	736.300
15522	736.300
15531	736.300
15553	736.300
15588	736.300
15596	736.300
15632	736.300
15646	736.300
15649	736.300
15675	736.300
15724	736.300
15742	736.300
15753	736.300
15777	736.300
15814	736.300
15824	736.300
15836	736.300
15861	736.300
15867	736.300
15869	736.300
15907	736.300
15916	736.300
15967	736.300
15990	736.300
14735	736.400
14751	736.400
14762	736.400
14784	736.400
14839	736.400
14866	736.400
14926	736.400
14960	736.400
14983	736.400
14985	736.400
14994	736.400
15009	736.400
15032	736.400
15042	736.400
15043	736.400
15067	736.400
15119	736.400
15169	736.400
15170	736.400
15207	736.400
15286	736.400
15339	736.400
15353	736.400
15416	736.400
15434	736.400
15475	736.400
15489	736.400
15515	736.400
15558	736.400
15586	736.400
15617	736.400
15626	736.400
15664	736.400
15683	736.400
15704	736.400
15721	736.400
15738	736.400
15779	736.400
15820	736.400
15829	736.400
15842	736.400
15859	736.400
15863	736.400
15866	736.400
15885	736.400
15921	736.400
15924	736.400
16019	736.400
16036	736.400
16041	736.400
16044	736.400
16056	736.400
14627	736.500
14631	736.500
14741	736.500
14773	736.500
14803	736.500
14810	736.500
14818	736.500
14840	736.500
14873	736.500
14943	736.500
14950	736.500
15051	736.500
15069	736.500
15093	736.500
15127	736.500
15130	736.500
15145	736.500
15159	736.500
15160	736.500
15217	736.500
15288	736.500
15301	736.500
15336	736.500
15346	736.500
15362	736.500
15402	736.500
15408	736.500
15424	736.500
15427	736.500
15442	736.500
15449	736.500
15511	736.500
15517	736.500
15527	736.500
15578	736.500
15585	736.500
15607	736.500
15674	736.500
15702	736.500
15714	736.500
15719	736.500
15736	736.500
15761	736.500
15791	736.500
15823	736.500
15834	736.500
15886	736.500
15939	736.500
15963	736.500
15972	736.500
16001	736.500
16008	736.500
16040	736.500
14634	736.600
14673	736.600
14716	736.600
14723	736.600
14733	736.600
14740	736.600
14749	736.600
14759	736.600
14825	736.600
14827	736.600
14829	736.600
14842	736.600
14856	736.600
14904	736.600
14907	736.600
14931	736.600
14958	736.600
14965	736.600
14987	736.600
14995	736.600
15013	736.600
15061	736.600
15091	736.600
15129	736.600
15137	736.600
15139	736.600
15148	736.600
15208	736.600
15219	736.600
15227	736.600
15290	736.600
15316	736.600
15332	736.600
15351	736.600
15358	736.600
15364	736.600
15382	736.600
15398	736.600
15514	736.600
15542	736.600
15545	736.600
15570	736.600
15571	736.600
15598	736.600
15620	736.600
15623	736.600
15644	736.600
15722	736.600
15798	736.600
15847	736.600
15850	736.600
15851	736.600
15891	736.600
15898	736.600
15913	736.600
15919	736.600
15933	736.600
15937	736.600
15948	736.600
15958	736.600
15977	736.600
15978	736.600
15980	736.600
16012	736.600
14652	736.700
14676	736.700
14685	736.700
14720	736.700
14787	736.700
14801	736.700
14815	736.700
14817	736.700
14831	736.700
14902	736.700
14921	736.700
14923	736.700
14972	736.700
15012	736.700
15076	736.700
15161	736.700
15180	736.700
15200	736.700
15262	736.700
15352	736.700
15423	736.700
15465	736.700
15474	736.700
15480	736.700
15526	736.700
15563	736.700
15678	736.700
15680	736.700
15682	736.700
15709	736.700
15717	736.700
15733	736.700
15744	736.700
15746	736.700
15758	736.700
15895	736.700
15909	736.700
15942	736.700
15973	736.700
14644	736.800
14657	736.800
14661	736.800
14671	736.800
14680	736.800
14845	736.800
14863	736.800
14936	736.800
14982	736.800
14997	736.800
15001	736.800
15039	736.800
15058	736.800
15073	736.800
15085	736.800
15143	736.800
15155	736.800
15157	736.800
15184	736.800
15220	736.800
15239	736.800
15276	736.800
15305	736.800
15317	736.800
15406	736.800
15411	736.800
15419	736.800
15487	736.800
15499	736.800
15510	736.800
15562	736.800
15630	736.800
15654	736.800
15686	736.800
15699	736.800
15771	736.800
15825	736.800
15860	736.800
15888	736.800
15917	736.800
15946	736.800
15947	736.800
15954	736.800
16029	736.800
16033	736.800
14666	736.900
14667	736.900
14682	736.900
14726	736.900
14785	736.900
14819	736.900
14837	736.900
14871	736.900
14911	736.900
14996	736.900
15087	736.900
15163	736.900
15185	736.900
15230	736.900
15246	736.900
15310	736.900
15325	736.900
15397	736.900
15428	736.900
15461	736.900
15547	736.900
15565	736.900
15589	736.900
15811	736.900
15956	736.900
16065	736.900
14739	737.000
14821	737.000
14868	737.000
14910	737.000
15165	737.000
15178	737.000
15361	737.000
15504	737.000
15538	737.000
15550	737.000
15639	737.000
15692	737.000
15793	737.000
15941	737.000
15985	737.000
14742	737.100
14833	737.100
14959	737.100
15166	737.100
15225	737.100
15410	737.100
15652	737.100
15781	737.100
15049	737.200
15401	737.200
15446	737.200
15556	737.200
15230	744.700
15461	744.900
15639	744.900
15860	744.900
15198	745.000
15542	745.000
15652	745.000
15087	745.100
15556	745.100
15973	745.100
16029	745.100
14673	745.200
14742	745.200
14837	745.200
15565	745.200
15761	745.200
14784	745.300
14997	745.300
15073	745.300
15246	745.300
15428	745.300
15510	745.300
15525	745.300
15683	745.300
15717	745.300
15733	745.300
15834	745.300
14741	745.400
14803	745.400
14911	745.400
15125	745.400
15200	745.400
15570	745.400
15589	745.400
15771	745.400
14638	745.500
14680	745.500
14759	745.500
14785	745.500
14959	745.500
15127	745.500
15225	745.500
15317	745.500
15562	745.500
15711	745.500
15781	745.500
15901	745.500
15990	745.500
14735	745.600
14845	745.600
14929	745.600
14958	745.600
15212	745.600
15219	745.600
15406	745.600
15419	745.600
15424	745.600
15563	745.600
15607	745.600
15674	745.600
15736	745.600
15866	745.600
14661	745.700
14716	745.700
14871	745.700
14926	745.700
15039	745.700
15085	745.700
15137	745.700
15157	745.700
15195	745.700
15316	745.700
15332	745.700
15387	745.700
15435	745.700
15585	745.700
15615	745.700
15758	745.700
15793	745.700
15924	745.700
15941	745.700
16000	745.700
14723	745.800
14801	745.800
14873	745.800
14965	745.800
14983	745.800
15161	745.800
15214	745.800
15811	745.800
15898	745.800
14682	745.900
14685	745.900
14726	745.900
14731	745.900
14787	745.900
14863	745.900
15058	745.900
15165	745.900
15180	745.900
15192	745.900
15286	745.900
15351	745.900
15514	745.900
15517	745.900
15550	745.900
15630	745.900
15644	745.900
15646	745.900
15719	745.900
15721	745.900
15730	745.900
15824	745.900
15876	745.900
15949	745.900
15977	745.900
16008	745.900
16034	745.900
16041	745.900
14627	746.000
14645	746.000
14733	746.000
14751	746.000
14821	746.000
14831	746.000
14910	746.000
14996	746.000
15048	746.000
15185	746.000
15227	746.000
15243	746.000
15269	746.000
15339	746.000
15487	746.000
15504	746.000
15511	746.000
15547	746.000
15692	746.000
15699	746.000
15738	746.000
15791	746.000
15848	746.000
15869	746.000
15967	746.000
15985	746.000
14671	746.100
14780	746.100
14819	746.100
14827	746.100
14868	746.100
14923	746.100
14995	746.100
15013	746.100
15032	746.100
15067	746.100
15097	746.100
15129	746.100
15148	746.100
15169	746.100
15284	746.100
15323	746.100
15442	746.100
15469	746.100
15482	746.100
15596	746.100
15628	746.100
15672	746.100
15704	746.100
15742	746.100
15746	746.100
15814	746.100
15829	746.100
15847	746.100
15888	746.100
15938	746.100
15946	746.100
15975	746.100
15987	746.100
14632	746.200
14652	746.200
14676	746.200
14706	746.200
14744	746.200
14763	746.200
14773	746.200
14815	746.200
14825	746.200
14840	746.200
14865	746.200
14880	746.200
14892	746.200
14936	746.200
14972	746.200
15017	746.200
15026	746.200
15107	746.200
15108	746.200
15134	746.200
15138	746.200
15145	746.200
15222	746.200
15223	746.200
15262	746.200
15276	746.200
15301	746.200
15458	746.200
15531	746.200
15578	746.200
15662	746.200
15680	746.200
15700	746.200
15726	746.200
15797	746.200
15861	746.200
15885	746.200
15894	746.200
15942	746.200
15947	746.200
15963	746.200
16044	746.200
16062	746.200
14634	746.300
14657	746.300
14738	746.300
14740	746.300
14749	746.300
14816	746.300
14830	746.300
14833	746.300
14835	746.300
14889	746.300
14928	746.300
15035	746.300
15076	746.300
15086	746.300
15090	746.300
15155	746.300
15160	746.300
15166	746.300
15170	746.300
15175	746.300
15252	746.300
15305	746.300
15310	746.300
15314	746.300
15325	746.300
15358	746.300
15366	746.300
15397	746.300
15398	746.300
15446	746.300
15449	746.300
15474	746.300
15509	746.300
15538	746.300
15545	746.300
15557	746.300
15623	746.300
15708	746.300
15823	746.300
15846	746.300
15853	746.300
15857	746.300
15892	746.300
15917	746.300
15919	746.300
15931	746.300
15939	746.300
15956	746.300
15972	746.300
16019	746.300
16036	746.300
16065	746.300
14631	746.400
14643	746.400
14665	746.400
14745	746.400
14746	746.400
14762	746.400
14804	746.400
14823	746.400
14829	746.400
14834	746.400
14839	746.400
14906	746.400
14913	746.400
14943	746.400
14985	746.400
15005	746.400
15049	746.400
15119	746.400
15139	746.400
15140	746.400
15143	746.400
15182	746.400
15188	746.400
15208	746.400
15220	746.400
15258	746.400
15281	746.400
15288	746.400
15291	746.400
15324	746.400
15340	746.400
15360	746.400
15401	746.400
15403	746.400
15410	746.400
15566	746.400
15586	746.400
15595	746.400
15627	746.400
15657	746.400
15661	746.400
15707	746.400
15709	746.400
15727	746.400
15752	746.400
15850	746.400
15851	746.400
15895	746.400
15921	746.400
15927	746.400
15935	746.400
15954	746.400
15980	746.400
16040	746.400
16043	746.400
14715	746.500
14772	746.500
14903	746.500
14921	746.500
15051	746.500
15093	746.500
15110	746.500
15151	746.500
15154	746.500
15207	746.500
15234	746.500
15238	746.500
15245	746.500
15292	746.500
15294	746.500
15343	746.500
15353	746.500
15411	746.500
15414	746.500
15423	746.500
15436	746.500
15439	746.500
15448	746.500
15523	746.500
15558	746.500
15559	746.500
15580	746.500
15618	746.500
15632	746.500
15649	746.500
15694	746.500
15712	746.500
15786	746.500
15842	746.500
15878	746.500
15879	746.500
15907	746.500
15909	746.500
15993	746.500
16009	746.500
14675	746.600
14700	746.600
14720	746.600
14783	746.600
14788	746.600
14808	746.600
14814	746.600
14818	746.600
14849	746.600
14878	746.600
14907	746.600
14927	746.600
14960	746.600
14974	746.600
15001	746.600
15008	746.600
15066	746.600
15159	746.600
15244	746.600
15352	746.600
15364	746.600
15390	746.600
15404	746.600
15452	746.600
15467	746.600
15492	746.600
15679	746.600
15714	746.600
15724	746.600
15757	746.600
15790	746.600
15832	746.600
15886	746.600
15893	746.600
15905	746.600
15937	746.600
15969	746.600
16056	746.600
14701	746.700
14748	746.700
14792	746.700
14813	746.700
14856	746.700
14902	746.700
14904	746.700
14967	746.700
14988	746.700
15069	746.700
15091	746.700
15130	746.700
15136	746.700
15141	746.700
15156	746.700
15163	746.700
15178	746.700
15237	746.700
15239	746.700
15333	746.700
15336	746.700
15382	746.700
15465	746.700
15466	746.700
15505	746.700
15526	746.700
15527	746.700
15584	746.700
15588	746.700
15608	746.700
15621	746.700
15622	746.700
15641	746.700
15675	746.700
15686	746.700
15716	746.700
15753	746.700
15778	746.700
15784	746.700
15820	746.700
15875	746.700
15948	746.700
16063	746.700
14633	746.800
14635	746.800
14658	746.800
14659	746.800
14687	746.800
14752	746.800
14753	746.800
14756	746.800
14767	746.800
14838	746.800
14949	746.800
14998	746.800
15068	746.800
15098	746.800
15278	746.800
15297	746.800
15311	746.800
15335	746.800
15346	746.800
15373	746.800
15395	746.800
15431	746.800
15441	746.800
15473	746.800
15490	746.800
15513	746.800
15535	746.800
15553	746.800
15561	746.800
15568	746.800
15572	746.800
15613	746.800
15619	746.800
15678	746.800
15682	746.800
15696	746.800
15713	746.800
15715	746.800
15740	746.800
15743	746.800
15765	746.800
15802	746.800
15805	746.800
15807	746.800
15859	746.800
15863	746.800
15884	746.800
15891	746.800
15915	746.800
15958	746.800
15970	746.800
15999	746.800
16002	746.800
16015	746.800
14646	746.900
14663	746.900
14718	746.900
14719	746.900
14805	746.900
14817	746.900
14842	746.900
14874	746.900
14897	746.900
14931	746.900
15012	746.900
15031	746.900
15084	746.900
15111	746.900
15254	746.900
15255	746.900
15309	746.900
15355	746.900
15375	746.900
15434	746.900
15447	746.900
15480	746.900
15512	746.900
15522	746.900
15593	746.900
15647	746.900
15741	746.900
15810	746.900
15822	746.900
15827	746.900
15843	746.900
15867	746.900
15873	746.900
15964	746.900
15965	746.900
15978	746.900
16018	746.900
16042	746.900
14707	747.000
14739	747.000
14754	747.000
14757	747.000
14764	747.000
14769	747.000
14770	747.000
14797	747.000
14800	747.000
14802	747.000
14893	747.000
14918	747.000
14947	747.000
14954	747.000
14975	747.000
14978	747.000
14987	747.000
15043	747.000
15077	747.000
15120	747.000
15162	747.000
15183	747.000
15226	747.000
15416	747.000
15489	747.000
15498	747.000
15536	747.000
15598	747.000
15654	747.000
15667	747.000
15693	747.000
15706	747.000
15764	747.000
15772	747.000
15788	747.000
15798	747.000
15818	747.000
15906	747.000
15911	747.000
15913	747.000
15974	747.000
16003	747.000
16048	747.000
14666	747.100
14667	747.100
14688	747.100
14690	747.100
14747	747.100
14765	747.100
14890	747.100
14895	747.100
14922	747.100
14962	747.100
14984	747.100
15018	747.100
15054	747.100
15072	747.100
15104	747.100
15126	747.100
15133	747.100
15179	747.100
15181	747.100
15202	747.100
15204	747.100
15209	747.100
15240	747.100
15253	747.100
15271	747.100
15282	747.100
15293	747.100
15318	747.100
15383	747.100
15385	747.100
15402	747.100
15451	747.100
15454	747.100
15468	747.100
15548	747.100
15605	747.100
15624	747.100
15637	747.100
15650	747.100
15659	747.100
15722	747.100
15728	747.100
15749	747.100
15767	747.100
15768	747.100
15787	747.100
15831	747.100
16053	747.100
14699	747.200
14704	747.200
14841	747.200
14899	747.200
14925	747.200
14950	747.200
14994	747.200
15009	747.200
15030	747.200
15036	747.200
15206	747.200
15232	747.200
15233	747.200
15265	747.200
15290	747.200
15319	747.200
15322	747.200
15357	747.200
15361	747.200
15388	747.200
15393	747.200
15408	747.200
15409	747.200
15420	747.200
15457	747.200
15520	747.200
15594	747.200
15626	747.200
15664	747.200
15705	747.200
15777	747.200
15825	747.200
15989	747.200
15996	747.200
16035	747.200
14629	747.300
14641	747.300
14644	747.300
14689	747.300
14779	747.300
14919	747.300
14989	747.300
15002	747.300
15004	747.300
15046	747.300
15080	747.300
15112	747.300
15131	747.300
15132	747.300
15171	747.300
15172	747.300
15184	747.300
15217	747.300
15224	747.300
15260	747.300
15328	747.300
15426	747.300
15475	747.300
15497	747.300
15500	747.300
15518	747.300
15533	747.300
15541	747.300
15775	747.300
15826	747.300
15882	747.300
16005	747.300
16012	747.300
14755	747.400
14771	747.400
14862	747.400
14882	747.400
14990	747.400
15247	747.400
15268	747.400
15270	747.400
15307	747.400
15391	747.400
15400	747.400
15495	747.400
15656	747.400
15750	747.400
15770	747.400
15804	747.400
15916	747.400
15997	747.400
16050	747.400
14672	747.500
14686	747.500
14705	747.500
14852	747.500
14879	747.500
15011	747.500
15115	747.500
15481	747.500
15685	747.500
15698	747.500
15813	747.500
15855	747.500
15868	747.500
16049	747.500
14630	747.600
14729	747.600
14900	747.600
14917	747.600
14993	747.600
15071	747.600
15345	747.600
15363	747.600
15571	747.600
15601	747.600
15856	747.600
15904	747.600
14640	747.700
14924	747.700
14934	747.700
14939	747.700
15158	747.700
15524	747.700
15540	747.700
15033	747.800
15081	747.800
15354	747.800
15648	747.800
15038	747.900
15540	757.200
15601	757.900
15081	758.800
14640	758.900
14770	759.300
14753	759.400
15071	759.400
14922	759.600
15031	759.700
15270	759.700
14934	759.800
15260	759.800
14924	759.900
16005	759.900
15068	760.100
14879	760.200
15802	760.200
15868	760.200
15011	760.300
15354	760.300
15490	760.300
15641	760.300
15705	760.300
14729	760.400
14950	760.400
15054	760.400
15804	760.400
15004	760.500
15224	760.500
15254	760.500
15307	760.500
15391	760.500
15696	760.500
14949	760.600
15183	760.600
15775	760.600
15784	760.600
14804	760.700
14862	760.700
14917	760.700
14939	760.700
15108	760.700
15112	760.700
15282	760.700
15619	760.700
15715	760.700
15797	760.700
15855	760.700
14769	760.800
14882	760.800
15046	760.800
15072	760.800
15126	760.800
15151	760.800
15548	760.800
15667	760.800
15722	760.800
15787	760.800
14701	760.900
14765	760.900
14918	760.900
15132	760.900
15265	760.900
15328	760.900
15361	760.900
15420	760.900
15628	760.900
15637	760.900
15770	760.900
15772	760.900
15973	760.900
15997	760.900
14638	761.000
14688	761.000
14852	761.000
14900	761.000
14954	761.000
14984	761.000
15115	761.000
15240	761.000
15253	761.000
15268	761.000
15297	761.000
15319	761.000
15426	761.000
15454	761.000
15481	761.000
15525	761.000
15561	761.000
15615	761.000
15768	761.000
15974	761.000
14641	761.100
14802	761.100
14993	761.100
15036	761.100
15077	761.100
15204	761.100
15233	761.100
15314	761.100
15390	761.100
15431	761.100
15524	761.100
15685	761.100
15698	761.100
15707	761.100
15730	761.100
15813	761.100
15818	761.100
16035	761.100
14659	761.200
14690	761.200
14719	761.200
14771	761.200
14800	761.200
14803	761.200
14805	761.200
14808	761.200
14830	761.200
14897	761.200
14990	761.200
14994	761.200
15104	761.200
15247	761.200
15250	761.200
15322	761.200
15375	761.200
15383	761.200
15492	761.200
15497	761.200
15500	761.200
15694	761.200
15740	761.200
15843	761.200
15876	761.200
15882	761.200
15892	761.200
15893	761.200
15996	761.200
16042	761.200
16050	761.200
14658	761.300
14672	761.300
14687	761.300
14767	761.300
14874	761.300
14889	761.300
14895	761.300
14904	761.300
14919	761.300
14989	761.300
14998	761.300
15009	761.300
15074	761.300
15158	761.300
15172	761.300
15340	761.300
15345	761.300
15357	761.300
15388	761.300
15447	761.300
15498	761.300
15505	761.300
15522	761.300
15571	761.300
15613	761.300
15647	761.300
15706	761.300
15712	761.300
15716	761.300
15728	761.300
15750	761.300
15765	761.300
15831	761.300
15859	761.300
15884	761.300
15906	761.300
15949	761.300
15965	761.300
16002	761.300
16018	761.300
14645	761.400
14667	761.400
14707	761.400
14718	761.400
14772	761.400
14780	761.400
14835	761.400
14890	761.400
14899	761.400
14925	761.400
14959	761.400
14985	761.400
15038	761.400
15120	761.400
15133	761.400
15165	761.400
15181	761.400
15251	761.400
15252	761.400
15255	761.400
15258	761.400
15290	761.400
15305	761.400
15385	761.400
15393	761.400
15457	761.400
15559	761.400
15594	761.400
15601	761.400
15626	761.400
15724	761.400
15741	761.400
15749	761.400
15778	761.400
15786	761.400
15846	761.400
15861	761.400
15878	761.400
15916	761.400
15937	761.400
15948	761.400
16031	761.400
16043	761.400
14639	761.500
14742	761.500
14754	761.500
14779	761.500
14795	761.500
14814	761.500
14838	761.500
14841	761.500
14913	761.500
14987	761.500
15029	761.500
15156	761.500
15198	761.500
15212	761.500
15214	761.500
15239	761.500
15309	761.500
15333	761.500
15343	761.500
15364	761.500
15395	761.500
15404	761.500
15452	761.500
15520	761.500
15523	761.500
15533	761.500
15536	761.500
15541	761.500
15580	761.500
15584	761.500
15585	761.500
15605	761.500
15664	761.500
15714	761.500
15720	761.500
15721	761.500
15764	761.500
15785	761.500
15798	761.500
15805	761.500
15826	761.500
15848	761.500
15879	761.500
15905	761.500
15935	761.500
16000	761.500
16029	761.500
16049	761.500
14643	761.600
14666	761.600
14699	761.600
14715	761.600
14748	761.600
14755	761.600
14756	761.600
14757	761.600
14776	761.600
14788	761.600
14806	761.600
14844	761.600
14965	761.600
14975	761.600
14978	761.600
15002	761.600
15030	761.600
15033	761.600
15066	761.600
15073	761.600
15091	761.600
15134	761.600
15162	761.600
15169	761.600
15170	761.600
15179	761.600
15184	761.600
15226	761.600
15234	761.600
15237	761.600
15271	761.600
15278	761.600
15373	761.600
15381	761.600
15402	761.600
15424	761.600
15451	761.600
15461	761.600
15464	761.600
15473	761.600
15588	761.600
15608	761.600
15622	761.600
15648	761.600
15650	761.600
15657	761.600
15672	761.600
15704	761.600
15727	761.600
15743	761.600
15753	761.600
15771	761.600
15788	761.600
15807	761.600
15822	761.600
15825	761.600
15853	761.600
15865	761.600
15950	761.600
15999	761.600
16027	761.600
16048	761.600
16053	761.600
16059	761.600
14629	761.700
14633	761.700
14635	761.700
14660	761.700
14661	761.700
14706	761.700
14723	761.700
14813	761.700
14837	761.700
14892	761.700
14903	761.700
14928	761.700
14943	761.700
14962	761.700
15001	761.700
15023	761.700
15032	761.700
15062	761.700
15069	761.700
15080	761.700
15087	761.700
15111	761.700
15140	761.700
15195	761.700
15209	761.700
15217	761.700
15238	761.700
15242	761.700
15262	761.700
15279	761.700
15291	761.700
15302	761.700
15335	761.700
15363	761.700
15387	761.700
15403	761.700
15408	761.700
15449	761.700
15495	761.700
15518	761.700
15556	761.700
15557	761.700
15618	761.700
15624	761.700
15630	761.700
15656	761.700
15675	761.700
15691	761.700
15697	761.700
15711	761.700
15747	761.700
15810	761.700
15828	761.700
15832	761.700
15969	761.700
15975	761.700
15986	761.700
15989	761.700
16008	761.700
16044	761.700
16066	761.700
14671	761.800
14673	761.800
14675	761.800
14697	761.800
14716	761.800
14764	761.800
14785	761.800
14792	761.800
14796	761.800
14816	761.800
14827	761.800
14840	761.800
14878	761.800
14894	761.800
14935	761.800
14967	761.800
14986	761.800
15012	761.800
15018	761.800
15051	761.800
15107	761.800
15131	761.800
15171	761.800
15200	761.800
15202	761.800
15206	761.800
15228	761.800
15230	761.800
15246	761.800
15284	761.800
15294	761.800
15311	761.800
15355	761.800
15365	761.800
15475	761.800
15483	761.800
15507	761.800
15572	761.800
15582	761.800
15593	761.800
15627	761.800
15634	761.800
15659	761.800
15674	761.800
15708	761.800
15758	761.800
15763	761.800
15850	761.800
15869	761.800
15873	761.800
15881	761.800
15904	761.800
15915	761.800
15939	761.800
15940	761.800
15952	761.800
16003	761.800
16009	761.800
16012	761.800
16019	761.800
16055	761.800
16056	761.800
16063	761.800
14700	761.900
14720	761.900
14746	761.900
14773	761.900
14797	761.900
14846	761.900
14863	761.900
14884	761.900
14906	761.900
14923	761.900
14933	761.900
14947	761.900
14960	761.900
14980	761.900
14988	761.900
15008	761.900
15039	761.900
15041	761.900
15089	761.900
15110	761.900
15138	761.900
15154	761.900
15159	761.900
15164	761.900
15175	761.900
15178	761.900
15180	761.900
15207	761.900
15244	761.900
15266	761.900
15269	761.900
15292	761.900
15323	761.900
15324	761.900
15332	761.900
15339	761.900
15366	761.900
15400	761.900
15441	761.900
15471	761.900
15513	761.900
15531	761.900
15535	761.900
15550	761.900
15558	761.900
15563	761.900
15576	761.900
15629	761.900
15649	761.900
15652	761.900
15692	761.900
15713	761.900
15725	761.900
15735	761.900
15736	761.900
15767	761.900
15777	761.900
15790	761.900
15803	761.900
15851	761.900
15890	761.900
15911	761.900
15924	761.900
15970	761.900
15982	761.900
15993	761.900
16062	761.900
14627	762.000
14630	762.000
14631	762.000
14663	762.000
14665	762.000
14686	762.000
14695	762.000
14704	762.000
14726	762.000
14737	762.000
14744	762.000
14762	762.000
14817	762.000
14822	762.000
14834	762.000
14845	762.000
14848	762.000
14893	762.000
14929	762.000
14946	762.000
14983	762.000
14992	762.000
14996	762.000
15013	762.000
15035	762.000
15043	762.000
15084	762.000
15090	762.000
15098	762.000
15109	762.000
15114	762.000
15122	762.000
15136	762.000
15142	762.000
15157	762.000
15163	762.000
15197	762.000
15276	762.000
15288	762.000
15293	762.000
15300	762.000
15336	762.000
15346	762.000
15362	762.000
15409	762.000
15417	762.000
15425	762.000
15434	762.000
15435	762.000
15448	762.000
15458	762.000
15480	762.000
15487	762.000
15526	762.000
15540	762.000
15555	762.000
15586	762.000
15589	762.000
15598	762.000
15599	762.000
15610	762.000
15611	762.000
15621	762.000
15639	762.000
15676	762.000
15693	762.000
15723	762.000
15726	762.000
15760	762.000
15799	762.000
15824	762.000
15827	762.000
15856	762.000
15860	762.000
15867	762.000
15901	762.000
15921	762.000
15922	762.000
15956	762.000
15964	762.000
15980	762.000
16015	762.000
16037	762.000
16064	762.000
14632	762.100
14691	762.100
14710	762.100
14711	762.100
14738	762.100
14739	762.100
14741	762.100
14747	762.100
14761	762.100
14783	762.100
14787	762.100
14791	762.100
14801	762.100
14819	762.100
14824	762.100
14843	762.100
14866	762.100
14871	762.100
14873	762.100
14915	762.100
14927	762.100
14941	762.100
14972	762.100
15010	762.100
15048	762.100
15081	762.100
15086	762.100
15088	762.100
15097	762.100
15117	762.100
15119	762.100
15125	762.100
15160	762.100
15167	762.100
15182	762.100
15208	762.100
15219	762.100
15222	762.100
15225	762.100
15232	762.100
15236	762.100
15245	762.100
15267	762.100
15277	762.100
15318	762.100
15331	762.100
15341	762.100
15348	762.100
15351	762.100
15358	762.100
15382	762.100
15436	762.100
15438	762.100
15453	762.100
15468	762.100
15469	762.100
15484	762.100
15499	762.100
15510	762.100
15519	762.100
15545	762.100
15553	762.100
15568	762.100
15596	762.100
15607	762.100
15616	762.100
15632	762.100
15665	762.100
15709	762.100
15731	762.100
15733	762.100
15746	762.100
15757	762.100
15791	762.100
15816	762.100
15820	762.100
15839	762.100
15863	762.100
15866	762.100
15894	762.100
15909	762.100
15913	762.100
15917	762.100
15927	762.100
15963	762.100
15990	762.100
16006	762.100
16007	762.100
16020	762.100
16032	762.100
16034	762.100
16045	762.100
14654	762.200
14677	762.200
14680	762.200
14693	762.200
14705	762.200
14735	762.200
14745	762.200
14775	762.200
14820	762.200
14821	762.200
14829	762.200
14842	762.200
14864	762.200
14880	762.200
14926	762.200
14964	762.200
14979	762.200
15003	762.200
15024	762.200
15034	762.200
15053	762.200
15076	762.200
15102	762.200
15123	762.200
15130	762.200
15141	762.200
15143	762.200
15145	762.200
15192	762.200
15227	762.200
15264	762.200
15274	762.200
15281	762.200
15303	762.200
15330	762.200
15350	762.200
15377	762.200
15428	762.200
15430	762.200
15433	762.200
15439	762.200
15450	762.200
15455	762.200
15465	762.200
15482	762.200
15489	762.200
15512	762.200
15515	762.200
15517	762.200
15532	762.200
15542	762.200
15566	762.200
15569	762.200
15583	762.200
15646	762.200
15661	762.200
15663	762.200
15680	762.200
15703	762.200
15745	762.200
15752	762.200
15812	762.200
15823	762.200
15852	762.200
15885	762.200
15886	762.200
15907	762.200
15931	762.200
15953	762.200
15955	762.200
15958	762.200
15971	762.200
15987	762.200
15988	762.200
15992	762.200
16021	762.200
16036	762.200
16041	762.200
14640	762.300
14644	762.300
14662	762.300
14703	762.300
14717	762.300
14721	762.300
14724	762.300
14734	762.300
14740	762.300
14763	762.300
14770	762.300
14774	762.300
14794	762.300
14849	762.300
14859	762.300
14865	762.300
14868	762.300
14870	762.300
14875	762.300
14887	762.300
14930	762.300
14936	762.300
14951	762.300
14958	762.300
14968	762.300
15005	762.300
15017	762.300
15049	762.300
15050	762.300
15052	762.300
15059	762.300
15135	762.300
15137	762.300
15150	762.300
15153	762.300
15155	762.300
15174	762.300
15210	762.300
15211	762.300
15243	762.300
15286	762.300
15369	762.300
15389	762.300
15392	762.300
15399	762.300
15416	762.300
15418	762.300
15419	762.300
15437	762.300
15494	762.300
15547	762.300
15562	762.300
15578	762.300
15590	762.300
15595	762.300
15644	762.300
15660	762.300
15666	762.300
15679	762.300
15682	762.300
15683	762.300
15699	762.300
15717	762.300
15719	762.300
15762	762.300
15769	762.300
15801	762.300
15847	762.300
15857	762.300
15877	762.300
15898	762.300
15914	762.300
15926	762.300
15946	762.300
15967	762.300
15991	762.300
16011	762.300
16013	762.300
16040	762.300
14648	762.400
14669	762.400
14674	762.400
14676	762.400
14681	762.400
14682	762.400
14698	762.400
14731	762.400
14736	762.400
14752	762.400
14758	762.400
14789	762.400
14798	762.400
14825	762.400
14833	762.400
14856	762.400
14872	762.400
14886	762.400
14898	762.400
14902	762.400
14905	762.400
14907	762.400
14910	762.400
14911	762.400
14916	762.400
14957	762.400
14966	762.400
14976	762.400
14995	762.400
15006	762.400
15007	762.400
15026	762.400
15063	762.400
15067	762.400
15071	762.400
15093	762.400
15100	762.400
15166	762.400
15173	762.400
15185	762.400
15190	762.400
15193	762.400
15199	762.400
15235	762.400
15287	762.400
15299	762.400
15310	762.400
15316	762.400
15317	762.400
15352	762.400
15353	762.400
15356	762.400
15406	762.400
15407	762.400
15413	762.400
15414	762.400
15423	762.400
15440	762.400
15442	762.400
15463	762.400
15509	762.400
15511	762.400
15514	762.400
15521	762.400
15538	762.400
15539	762.400
15551	762.400
15564	762.400
15638	762.400
15654	762.400
15662	762.400
15670	762.400
15700	762.400
15738	762.400
15748	762.400
15783	762.400
15793	762.400
15806	762.400
15814	762.400
15864	762.400
15874	762.400
15875	762.400
15895	762.400
15896	762.400
15897	762.400
15908	762.400
15912	762.400
15941	762.400
15954	762.400
15978	762.400
15981	762.400
16060	762.400
14637	762.500
14646	762.500
14650	762.500
14652	762.500
14668	762.500
14670	762.500
14684	762.500
14689	762.500
14713	762.500
14749	762.500
14753	762.500
14799	762.500
14812	762.500
14831	762.500
14885	762.500
14914	762.500
14921	762.500
14963	762.500
14997	762.500
15031	762.500
15057	762.500
15064	762.500
15085	762.500
15094	762.500
15113	762.500
15121	762.500
15127	762.500
15144	762.500
15161	762.500
15177	762.500
15188	762.500
15191	762.500
15223	762.500
15260	762.500
15304	762.500
15308	762.500
15320	762.500
15325	762.500
15327	762.500
15372	762.500
15398	762.500
15401	762.500
15412	762.500
15422	762.500
15459	762.500
15466	762.500
15472	762.500
15502	762.500
15506	762.500
15516	762.500
15543	762.500
15565	762.500
15612	762.500
15631	762.500
15636	762.500
15645	762.500
15673	762.500
15681	762.500
15742	762.500
15761	762.500
15834	762.500
15933	762.500
15934	762.500
15938	762.500
15942	762.500
15951	762.500
15972	762.500
15977	762.500
15998	762.500
16025	762.500
16028	762.500
16038	762.500
16039	762.500
16047	762.500
14649	762.600
14653	762.600
14664	762.600
14685	762.600
14694	762.600
14733	762.600
14751	762.600
14778	762.600
14828	762.600
14839	762.600
14860	762.600
14922	762.600
14938	762.600
14969	762.600
14974	762.600
14991	762.600
15021	762.600
15055	762.600
15078	762.600
15106	762.600
15124	762.600
15139	762.600
15148	762.600
15213	762.600
15220	762.600
15248	762.600
15334	762.600
15371	762.600
15379	762.600
15384	762.600
15394	762.600
15410	762.600
15415	762.600
15443	762.600
15456	762.600
15467	762.600
15470	762.600
15477	762.600
15527	762.600
15573	762.600
15579	762.600
15587	762.600
15617	762.600
15623	762.600
15640	762.600
15678	762.600
15718	762.600
15815	762.600
15821	762.600
15835	762.600
15842	762.600
15979	762.600
16004	762.600
16005	762.600
16014	762.600
16030	762.600
14732	762.700
14750	762.700
14768	762.700
14815	762.700
14823	762.700
14861	762.700
14931	762.700
15075	762.700
15129	762.700
15152	762.700
15201	762.700
15218	762.700
15229	762.700
15249	762.700
15257	762.700
15270	762.700
15301	762.700
15360	762.700
15411	762.700
15427	762.700
15432	762.700
15444	762.700
15496	762.700
15591	762.700
15655	762.700
15689	762.700
15841	762.700
15845	762.700
15888	762.700
15929	762.700
15947	762.700
16001	762.700
16010	762.700
14766	762.800
14832	762.800
14881	762.800
14908	762.800
14940	762.800
15014	762.800
15105	762.800
15189	762.800
15263	762.800
15285	762.800
15344	762.800
15446	762.800
15504	762.800
15600	762.800
15658	762.800
15702	762.800
15766	762.800
15854	762.800
15880	762.800
15960	762.800
15985	762.800
14679	762.900
14883	762.900
14909	762.900
15205	762.900
15256	762.900
15491	762.900
15836	762.900
15887	762.900
15943	762.900
14877	763.000
15011	763.000
15429	763.000
15781	763.000
15125	774.100
14992	776.900
15880	777.000
16036	777.800
15621	778.000
14911	778.100
14753	778.400
15212	778.500
15456	778.800
15097	779.000
15803	779.000
15063	779.100
15327	779.100
15681	779.200
14758	779.300
14822	779.300
15245	779.300
16011	779.300
14631	779.400
14802	779.400
15026	779.400
15696	779.400
14731	779.500
15615	779.500
15979	779.500
14770	779.700
14868	779.700
15213	779.700
15287	779.700
15644	779.700
15682	779.700
15969	779.700
14664	779.800
14789	779.800
14828	779.800
14843	779.800
14979	779.800
15081	779.800
15173	779.800
15415	779.800
15469	779.800
15509	779.800
15536	779.800
15600	779.800
15674	779.800
15697	779.800
15781	779.800
15857	779.800
14741	779.900
14865	779.900
14927	779.900
14976	779.900
15055	779.900
15525	779.900
15568	779.900
14691	780.000
14763	780.000
14778	780.000
14839	780.000
15311	780.000
15435	780.000
15514	780.000
15778	780.000
15841	780.000
14915	780.100
14954	780.100
15135	780.100
15222	780.100
15477	780.100
15494	780.100
15504	780.100
15562	780.100
15730	780.100
15967	780.100
16030	780.100
14638	780.200
14680	780.200
14774	780.200
14845	780.200
14908	780.200
14974	780.200
15031	780.200
15064	780.200
15086	780.200
15214	780.200
15226	780.200
15316	780.200
15320	780.200
15590	780.200
15700	780.200
15799	780.200
15816	780.200
15827	780.200
15938	780.200
14685	780.300
14775	780.300
14783	780.300
14831	780.300
14837	780.300
14921	780.300
14940	780.300
15011	780.300
15088	780.300
15108	780.300
15110	780.300
15113	780.300
15123	780.300
15183	780.300
15286	780.300
15301	780.300
15304	780.300
15455	780.300
15521	780.300
15640	780.300
15692	780.300
15790	780.300
16005	780.300
16015	780.300
16032	780.300
14632	780.400
14674	780.400
14698	780.400
14751	780.400
14799	780.400
14880	780.400
14909	780.400
14913	780.400
14914	780.400
15006	780.400
15017	780.400
15052	780.400
15073	780.400
15105	780.400
15138	780.400
15257	780.400
15278	780.400
15310	780.400
15325	780.400
15351	780.400
15384	780.400
15423	780.400
15437	780.400
15487	780.400
15510	780.400
15539	780.400
15564	780.400
15631	780.400
15708	780.400
15926	780.400
15999	780.400
14705	780.500
14726	780.500
14732	780.500
14744	780.500
14745	780.500
14849	780.500
14917	780.500
14951	780.500
14972	780.500
15024	780.500
15068	780.500
15094	780.500
15119	780.500
15150	780.500
15170	780.500
15195	780.500
15208	780.500
15260	780.500
15274	780.500
15307	780.500
15318	780.500
15343	780.500
15417	780.500
15450	780.500
15499	780.500
15515	780.500
15516	780.500
15517	780.500
15519	780.500
15623	780.500
15639	780.500
15691	780.500
15707	780.500
15726	780.500
15793	780.500
15797	780.500
15876	780.500
15897	780.500
15898	780.500
15907	780.500
15934	780.500
15977	780.500
15993	780.500
15998	780.500
16034	780.500
16043	780.500
16059	780.500
14723	780.600
14755	780.600
14796	780.600
14832	780.600
14907	780.600
14933	780.600
14936	780.600
14966	780.600
15048	780.600
15057	780.600
15066	780.600
15090	780.600
15107	780.600
15125	780.600
15130	780.600
15164	780.600
15185	780.600
15238	780.600
15262	780.600
15267	780.600
15314	780.600
15387	780.600
15413	780.600
15416	780.600
15425	780.600
15427	780.600
15431	780.600
15543	780.600
15555	780.600
15565	780.600
15566	780.600
15576	780.600
15599	780.600
15628	780.600
15630	780.600
15719	780.600
15757	780.600
15805	780.600
15842	780.600
15854	780.600
15901	780.600
15986	780.600
15987	780.600
14639	780.700
14652	780.700
14669	780.700
14706	780.700
14707	780.700
14734	780.700
14742	780.700
14746	780.700
14747	780.700
14801	780.700
14819	780.700
14874	780.700
14889	780.700
14906	780.700
14923	780.700
14924	780.700
14926	780.700
14949	780.700
14997	780.700
14998	780.700
15003	780.700
15018	780.700
15023	780.700
15035	780.700
15039	780.700
15106	780.700
15117	780.700
15131	780.700
15137	780.700
15139	780.700
15151	780.700
15160	780.700
15218	780.700
15225	780.700
15227	780.700
15236	780.700
15242	780.700
15243	780.700
15244	780.700
15258	780.700
15276	780.700
15284	780.700
15303	780.700
15339	780.700
15348	780.700
15369	780.700
15407	780.700
15424	780.700
15436	780.700
15440	780.700
15442	780.700
15443	780.700
15468	780.700
15513	780.700
15634	780.700
15649	780.700
15652	780.700
15657	780.700
15679	780.700
15733	780.700
15738	780.700
15762	780.700
15814	780.700
15829	780.700
15850	780.700
15866	780.700
15895	780.700
15914	780.700
15935	780.700
15958	780.700
15965	780.700
15981	780.700
15990	780.700
16014	780.700
16019	780.700
16038	780.700
14627	780.800
14637	780.800
14640	780.800
14650	780.800
14665	780.800
14740	780.800
14749	780.800
14752	780.800
14762	780.800
14772	780.800
14787	780.800
14808	780.800
14815	780.800
14823	780.800
14830	780.800
14872	780.800
14883	780.800
14900	780.800
14930	780.800
14964	780.800
14995	780.800
15008	780.800
15071	780.800
15124	780.800
15129	780.800
15141	780.800
15143	780.800
15165	780.800
15174	780.800
15180	780.800
15192	780.800
15223	780.800
15235	780.800
15252	780.800
15256	780.800
15270	780.800
15281	780.800
15324	780.800
15333	780.800
15354	780.800
15358	780.800
15365	780.800
15395	780.800
15412	780.800
15428	780.800
15432	780.800
15447	780.800
15451	780.800
15470	780.800
15507	780.800
15527	780.800
15542	780.800
15551	780.800
15573	780.800
15601	780.800
15618	780.800
15627	780.800
15664	780.800
15667	780.800
15670	780.800
15713	780.800
15715	780.800
15727	780.800
15750	780.800
15761	780.800
15771	780.800
15815	780.800
15824	780.800
15846	780.800
15860	780.800
15864	780.800
15873	780.800
15880	780.800
15892	780.800
15894	780.800
15912	780.800
15924	780.800
15940	780.800
15941	780.800
15942	780.800
15963	780.800
16001	780.800
16009	780.800
14635	780.900
14648	780.900
14653	780.900
14658	780.900
14659	780.900
14661	780.900
14675	780.900
14676	780.900
14684	780.900
14693	780.900
14697	780.900
14710	780.900
14713	780.900
14715	780.900
14717	780.900
14721	780.900
14737	780.900
14748	780.900
14756	780.900
14757	780.900
14761	780.900
14765	780.900
14767	780.900
14814	780.900
14827	780.900
14848	780.900
14864	780.900
14870	780.900
14875	780.900
14886	780.900
14892	780.900
14902	780.900
14922	780.900
14929	780.900
14946	780.900
14959	780.900
14968	780.900
14980	780.900
14983	780.900
14985	780.900
14988	780.900
14996	780.900
15050	780.900
15109	780.900
15115	780.900
15142	780.900
15145	780.900
15155	780.900
15171	780.900
15175	780.900
15182	780.900
15190	780.900
15197	780.900
15250	780.900
15266	780.900
15269	780.900
15282	780.900
15299	780.900
15300	780.900
15350	780.900
15353	780.900
15366	780.900
15372	780.900
15375	780.900
15392	780.900
15394	780.900
15410	780.900
15411	780.900
15419	780.900
15438	780.900
15449	780.900
15453	780.900
15454	780.900
15461	780.900
15466	780.900
15481	780.900
15490	780.900
15502	780.900
15505	780.900
15523	780.900
15535	780.900
15547	780.900
15548	780.900
15578	780.900
15583	780.900
15596	780.900
15602	780.900
15607	780.900
15650	780.900
15675	780.900
15699	780.900
15704	780.900
15712	780.900
15742	780.900
15784	780.900
15788	780.900
15791	780.900
15801	780.900
15832	780.900
15834	780.900
15845	780.900
15881	780.900
15893	780.900
15960	780.900
15970	780.900
15974	780.900
15975	780.900
15988	780.900
16021	780.900
16027	780.900
16029	780.900
16039	780.900
14654	781.000
14701	781.000
14733	781.000
14735	781.000
14754	781.000
14759	781.000
14768	781.000
14769	781.000
14780	781.000
14785	781.000
14795	781.000
14798	781.000
14806	781.000
14809	781.000
14824	781.000
14825	781.000
14861	781.000
14863	781.000
14871	781.000
14873	781.000
14877	781.000
14878	781.000
14885	781.000
14893	781.000
14898	781.000
14910	781.000
14931	781.000
14958	781.000
14963	781.000
15010	781.000
15030	781.000
15041	781.000
15067	781.000
15091	781.000
15120	781.000
15121	781.000
15127	781.000
15140	781.000
15148	781.000
15154	781.000
15156	781.000
15161	781.000
15188	781.000
15189	781.000
15209	781.000
15211	781.000
15229	781.000
15248	781.000
15279	781.000
15288	781.000
15291	781.000
15308	781.000
15319	781.000
15322	781.000
15330	781.000
15332	781.000
15336	781.000
15357	781.000
15390	781.000
15401	781.000
15414	781.000
15434	781.000
15448	781.000
15473	781.000
15480	781.000
15491	781.000
15500	781.000
15511	781.000
15538	781.000
15559	781.000
15561	781.000
15582	781.000
15610	781.000
15629	781.000
15646	781.000
15647	781.000
15662	781.000
15665	781.000
15693	781.000
15694	781.000
15703	781.000
15705	781.000
15724	781.000
15748	781.000
15753	781.000
15760	781.000
15764	781.000
15766	781.000
15769	781.000
15804	781.000
15818	781.000
15821	781.000
15835	781.000
15843	781.000
15852	781.000
15863	781.000
15874	781.000
15886	781.000
15890	781.000
15921	781.000
15931	781.000
15951	781.000
15956	781.000
15984	781.000
16006	781.000
16047	781.000
16055	781.000
16063	781.000
16064	781.000
14645	781.100
14649	781.100
14660	781.100
14673	781.100
14688	781.100
14694	781.100
14718	781.100
14738	781.100
14788	781.100
14813	781.100
14820	781.100
14829	781.100
14833	781.100
14903	781.100
14943	781.100
14947	781.100
14969	781.100
14986	781.100
14990	781.100
15007	781.100
15013	781.100
15029	781.100
15032	781.100
15046	781.100
15069	781.100
15075	781.100
15078	781.100
15087	781.100
15159	781.100
15167	781.100
15177	781.100
15198	781.100
15200	781.100
15204	781.100
15219	781.100
15224	781.100
15228	781.100
15230	781.100
15249	781.100
15263	781.100
15292	781.100
15293	781.100
15294	781.100
15331	781.100
15334	781.100
15379	781.100
15381	781.100
15382	781.100
15389	781.100
15398	781.100
15399	781.100
15403	781.100
15404	781.100
15406	781.100
15471	781.100
15492	781.100
15526	781.100
15550	781.100
15557	781.100
15563	781.100
15570	781.100
15587	781.100
15589	781.100
15608	781.100
15611	781.100
15612	781.100
15613	781.100
15632	781.100
15663	781.100
15666	781.100
15683	781.100
15689	781.100
15706	781.100
15711	781.100
15717	781.100
15720	781.100
15731	781.100
15736	781.100
15745	781.100
15770	781.100
15847	781.100
15848	781.100
15859	781.100
15865	781.100
15877	781.100
15879	781.100
15884	781.100
15889	781.100
15908	781.100
15927	781.100
15929	781.100
15937	781.100
15943	781.100
15954	781.100
15972	781.100
15973	781.100
15992	781.100
16004	781.100
16035	781.100
16037	781.100
16040	781.100
16042	781.100
16050	781.100
14646	781.200
14677	781.200
14700	781.200
14720	781.200
14739	781.200
14750	781.200
14791	781.200
14797	781.200
14804	781.200
14805	781.200
14840	781.200
14852	781.200
14856	781.200
14860	781.200
14884	781.200
14887	781.200
14890	781.200
14905	781.200
14956	781.200
14978	781.200
15005	781.200
15034	781.200
15049	781.200
15054	781.200
15059	781.200
15084	781.200
15089	781.200
15114	781.200
15136	781.200
15144	781.200
15158	781.200
15202	781.200
15205	781.200
15277	781.200
15285	781.200
15302	781.200
15309	781.200
15317	781.200
15323	781.200
15328	781.200
15341	781.200
15356	781.200
15362	781.200
15377	781.200
15383	781.200
15393	781.200
15420	781.200
15457	781.200
15459	781.200
15464	781.200
15474	781.200
15475	781.200
15483	781.200
15541	781.200
15549	781.200
15556	781.200
15558	781.200
15579	781.200
15595	781.200
15606	781.200
15619	781.200
15636	781.200
15641	781.200
15656	781.200
15676	781.200
15678	781.200
15680	781.200
15698	781.200
15702	781.200
15741	781.200
15752	781.200
15758	781.200
15775	781.200
15785	781.200
15787	781.200
15806	781.200
15807	781.200
15812	781.200
15823	781.200
15856	781.200
15867	781.200
15869	781.200
15878	781.200
15885	781.200
15888	781.200
15915	781.200
15950	781.200
15971	781.200
15985	781.200
16018	781.200
16028	781.200
16045	781.200
16056	781.200
16060	781.200
16066	781.200
14633	781.300
14641	781.300
14643	781.300
14663	781.300
14670	781.300
14682	781.300
14686	781.300
14689	781.300
14711	781.300
14712	781.300
14764	781.300
14766	781.300
14777	781.300
14800	781.300
14816	781.300
14821	781.300
14869	781.300
14894	781.300
14897	781.300
14916	781.300
14928	781.300
14935	781.300
14938	781.300
14962	781.300
14965	781.300
14984	781.300
14989	781.300
14992	781.300
15037	781.300
15062	781.300
15074	781.300
15085	781.300
15102	781.300
15122	781.300
15133	781.300
15157	781.300
15163	781.300
15169	781.300
15179	781.300
15191	781.300
15199	781.300
15201	781.300
15206	781.300
15234	781.300
15237	781.300
15251	781.300
15261	781.300
15355	781.300
15360	781.300
15373	781.300
15385	781.300
15409	781.300
15426	781.300
15433	781.300
15446	781.300
15452	781.300
15458	781.300
15478	781.300
15482	781.300
15518	781.300
15531	781.300
15532	781.300
15593	781.300
15594	781.300
15617	781.300
15637	781.300
15654	781.300
15655	781.300
15658	781.300
15660	781.300
15695	781.300
15709	781.300
15714	781.300
15721	781.300
15735	781.300
15746	781.300
15763	781.300
15777	781.300
15786	781.300
15820	781.300
15826	781.300
15836	781.300
15839	781.300
15853	781.300
15896	781.300
15909	781.300
15947	781.300
15952	781.300
15955	781.300
15978	781.300
15991	781.300
16002	781.300
16003	781.300
16007	781.300
16020	781.300
16036	781.300
16041	781.300
16044	781.300
16048	781.300
14629	781.400
14687	781.400
14695	781.400
14702	781.400
14703	781.400
14716	781.400
14736	781.400
14760	781.400
14771	781.400
14773	781.400
14779	781.400
14792	781.400
14818	781.400
14835	781.400
14838	781.400
14846	781.400
14895	781.400
14937	781.400
14939	781.400
14950	781.400
14957	781.400
14960	781.400
14975	781.400
14991	781.400
15014	781.400
15036	781.400
15053	781.400
15072	781.400
15082	781.400
15093	781.400
15098	781.400
15111	781.400
15112	781.400
15134	781.400
15162	781.400
15178	781.400
15194	781.400
15207	781.400
15210	781.400
15212	781.400
15217	781.400
15220	781.400
15240	781.400
15253	781.400
15255	781.400
15264	781.400
15297	781.400
15335	781.400
15344	781.400
15364	781.400
15371	781.400
15391	781.400
15400	781.400
15418	781.400
15422	781.400
15429	781.400
15439	781.400
15489	781.400
15495	781.400
15497	781.400
15546	781.400
15585	781.400
15588	781.400
15591	781.400
15597	781.400
15622	781.400
15648	781.400
15661	781.400
15672	781.400
15718	781.400
15765	781.400
15768	781.400
15810	781.400
15817	781.400
15822	781.400
15868	781.400
15875	781.400
15882	781.400
15917	781.400
15933	781.400
15939	781.400
15948	781.400
15982	781.400
15996	781.400
16000	781.400
16008	781.400
16010	781.400
16013	781.400
16025	781.400
16061	781.400
16062	781.400
14634	781.500
14651	781.500
14655	781.500
14668	781.500
14679	781.500
14692	781.500
14704	781.500
14719	781.500
14724	781.500
14834	781.500
14842	781.500
14844	781.500
14879	781.500
14881	781.500
14904	781.500
14953	781.500
14967	781.500
14973	781.500
14987	781.500
15002	781.500
15004	781.500
15012	781.500
15019	781.500
15021	781.500
15044	781.500
15051	781.500
15076	781.500
15083	781.500
15100	781.500
15104	781.500
15232	781.500
15246	781.500
15265	781.500
15268	781.500
15272	781.500
15340	781.500
15345	781.500
15352	781.500
15378	781.500
15467	781.500
15476	781.500
15498	781.500
15512	781.500
15520	781.500
15524	781.500
15540	781.500
15545	781.500
15554	781.500
15580	781.500
15605	781.500
15645	781.500
15659	781.500
15673	781.500
15732	781.500
15772	781.500
15789	781.500
15802	781.500
15825	781.500
15830	781.500
15831	781.500
15849	781.500
15904	781.500
15905	781.500
15980	781.500
15997	781.500
16012	781.500
16022	781.500
14644	781.600
14662	781.600
14671	781.600
14699	781.600
14784	781.600
14786	781.600
14793	781.600
14794	781.600
14812	781.600
14899	781.600
14911	781.600
14918	781.600
14920	781.600
14932	781.600
14948	781.600
14961	781.600
15001	781.600
15033	781.600
15043	781.600
15077	781.600
15080	781.600
15097	781.600
15132	781.600
15152	781.600
15166	781.600
15168	781.600
15172	781.600
15193	781.600
15215	781.600
15296	781.600
15346	781.600
15380	781.600
15460	781.600
15463	781.600
15465	781.600
15484	781.600
15569	781.600
15598	781.600
15604	781.600
15616	781.600
15621	781.600
15638	781.600
15740	781.600
15743	781.600
15759	781.600
15783	781.600
15809	781.600
15840	781.600
15887	781.600
15911	781.600
15930	781.600
15946	781.600
15961	781.600
15989	781.600
16046	781.600
16051	781.600
14776	781.700
14803	781.700
14826	781.700
14859	781.700
14862	781.700
14882	781.700
14888	781.700
14934	781.700
14941	781.700
14944	781.700
14970	781.700
14981	781.700
15009	781.700
15038	781.700
15040	781.700
15126	781.700
15153	781.700
15181	781.700
15233	781.700
15247	781.700
15254	781.700
15271	781.700
15295	781.700
15388	781.700
15402	781.700
15430	781.700
15506	781.700
15522	781.700
15528	781.700
15533	781.700
15553	781.700
15586	781.700
15620	781.700
15643	781.700
15723	781.700
15725	781.700
15728	781.700
15734	781.700
15767	781.700
15780	781.700
15798	781.700
15828	781.700
15833	781.700
15837	781.700
15851	781.700
15855	781.700
15861	781.700
15862	781.700
15906	781.700
15918	781.700
15932	781.700
15949	781.700
16026	781.700
16053	781.700
14666	781.800
14667	781.800
14681	781.800
14753	781.800
14817	781.800
14854	781.800
14855	781.800
14867	781.800
14919	781.800
14925	781.800
14952	781.800
15020	781.800
15028	781.800
15184	781.800
15283	781.800
15305	781.800
15361	781.800
15363	781.800
15370	781.800
15376	781.800
15408	781.800
15441	781.800
15444	781.800
15472	781.800
15485	781.800
15488	781.800
15503	781.800
15668	781.800
15671	781.800
15685	781.800
15686	781.800
15737	781.800
15747	781.800
15749	781.800
15756	781.800
15776	781.800
15779	781.800
15811	781.800
15813	781.800
15883	781.800
15919	781.800
15923	781.800
15953	781.800
15959	781.800
15964	781.800
15966	781.800
15976	781.800
15983	781.800
16049	781.800
14672	781.900
14728	781.900
14782	781.900
14836	781.900
14841	781.900
14847	781.900
14866	781.900
14896	781.900
14982	781.900
14993	781.900
14994	781.900
15092	781.900
15128	781.900
15146	781.900
15196	781.900
15239	781.900
15241	781.900
15312	781.900
15486	781.900
15496	781.900
15501	781.900
15571	781.900
15581	781.900
15624	781.900
15633	781.900
15651	781.900
15677	781.900
15688	781.900
15716	781.900
15722	781.900
15773	781.900
15803	781.900
15872	781.900
15903	781.900
15916	781.900
15922	781.900
15936	781.900
16065	781.900
14630	782.000
14631	782.000
14636	782.000
14678	782.000
15058	782.000
15101	782.000
15118	782.000
15245	782.000
15405	782.000
15456	782.000
15567	782.000
15584	782.000
15626	782.000
15635	782.000
15838	782.000
16033	782.000
14810	782.100
14822	782.100
14891	782.100
15280	782.100
15367	782.100
15462	782.100
15913	782.100
16024	782.100
14729	782.200
15530	782.200
15625	782.200
15397	782.300
15212	794.700
14631	796.700
15097	798.600
15802	799.300
15950	799.300
14753	799.400
15747	799.500
15373	799.700
14992	799.900
14822	800.000
15548	800.200
15813	800.300
14855	800.500
14939	800.500
15004	800.800
16041	800.800
15952	800.900
15868	801.000
15245	801.100
15849	801.100
15964	801.100
15646	801.200
15707	801.200
15250	801.400
14865	801.500
14911	801.500
15622	801.500
14866	801.600
15637	801.600
14950	801.700
15032	801.700
15125	801.700
15420	801.700
14687	801.800
14973	801.800
15253	801.800
15677	801.800
15809	801.800
15112	801.900
15128	801.900
15183	801.900
15268	801.900
15297	801.900
15345	801.900
15391	801.900
15507	801.900
15667	801.900
15876	801.900
14688	802.000
14701	802.000
14830	802.000
14975	802.000
15054	802.000
15390	802.000
15464	802.000
15613	802.000
15641	802.000
15740	802.000
15906	802.000
14934	802.100
15601	802.100
15672	802.100
15727	802.100
15730	802.100
15784	802.100
15803	802.100
15894	802.100
14897	802.200
14959	802.200
14978	802.200
15108	802.200
15254	802.200
15731	802.200
15758	802.200
15772	802.200
15785	802.200
15832	802.200
15852	802.200
15865	802.200
15971	802.200
14756	802.300
14943	802.300
14954	802.300
15068	802.300
15214	802.300
15452	802.300
15855	802.300
15869	802.300
15905	802.300
15937	802.300
15949	802.300
15999	802.300
14627	802.400
14729	802.400
14769	802.400
14773	802.400
14903	802.400
15134	802.400
15151	802.400
15274	802.400
15435	802.400
15505	802.400
15522	802.400
15524	802.400
15559	802.400
15594	802.400
15663	802.400
15768	802.400
15884	802.400
15892	802.400
15970	802.400
16002	802.400
16036	802.400
14800	802.500
14862	802.500
14988	802.500
15029	802.500
15062	802.500
15072	802.500
15126	802.500
15138	802.500
15162	802.500
15172	802.500
15251	802.500
15260	802.500
15397	802.500
15585	802.500
15628	802.500
15878	802.500
15939	802.500
15974	802.500
14658	802.600
14715	802.600
14818	802.600
14895	802.600
14919	802.600
14933	802.600
15157	802.600
15197	802.600
15200	802.600
15212	802.600
15261	802.600
15431	802.600
15462	802.600
15472	802.600
15481	802.600
15535	802.600
15716	802.600
15737	802.600
15773	802.600
15797	802.600
15904	802.600
15982	802.600
16033	802.600
14633	802.700
14638	802.700
14639	802.700
14643	802.700
14704	802.700
14710	802.700
14805	802.700
14893	802.700
14967	802.700
15001	802.700
15041	802.700
15073	802.700
15074	802.700
15111	802.700
15153	802.700
15180	802.700
15232	802.700
15305	802.700
15375	802.700
15383	802.700
15473	802.700
15498	802.700
15513	802.700
15584	802.700
15615	802.700
15621	802.700
15661	802.700
15715	802.700
15753	802.700
15810	802.700
15866	802.700
15889	802.700
15931	802.700
15967	802.700
15990	802.700
14692	802.800
14699	802.800
14716	802.800
14744	802.800
14784	802.800
14835	802.800
14874	802.800
15019	802.800
15132	802.800
15163	802.800
15164	802.800
15240	802.800
15252	802.800
15265	802.800
15267	802.800
15322	802.800
15361	802.800
15364	802.800
15367	802.800
15381	802.800
15414	802.800
15424	802.800
15478	802.800
15520	802.800
15525	802.800
15660	802.800
15679	802.800
15712	802.800
15719	802.800
15724	802.800
15743	802.800
15770	802.800
15790	802.800
15798	802.800
15818	802.800
15846	802.800
15858	802.800
15901	802.800
15989	802.800
16053	802.800
16056	802.800
14636	802.900
14748	802.900
14760	802.900
14761	802.900
14772	802.900
14776	802.900
14788	802.900
14802	802.900
14808	802.900
14844	802.900
14846	802.900
14887	802.900
14899	802.900
14946	802.900
14958	802.900
14986	802.900
15048	802.900
15071	802.900
15100	802.900
15133	802.900
15192	802.900
15195	802.900
15233	802.900
15238	802.900
15241	802.900
15385	802.900
15395	802.900
15403	802.900
15404	802.900
15454	802.900
15456	802.900
15486	802.900
15502	802.900
15586	802.900
15709	802.900
15735	802.900
15830	802.900
15831	802.900
15848	802.900
15893	802.900
15913	802.900
15975	802.900
16018	802.900
16024	802.900
14631	803.000
14682	803.000
14719	803.000
14770	803.000
14789	803.000
14806	803.000
14821	803.000
14838	803.000
14852	803.000
14904	803.000
14925	803.000
14957	803.000
14962	803.000
15002	803.000
15010	803.000
15097	803.000
15122	803.000
15224	803.000
15228	803.000
15258	803.000
15282	803.000
15288	803.000
15302	803.000
15314	803.000
15323	803.000
15408	803.000
15444	803.000
15483	803.000
15526	803.000
15531	803.000
15536	803.000
15570	803.000
15619	803.000
15647	803.000
15674	803.000
15721	803.000
15732	803.000
15745	803.000
15807	803.000
15923	803.000
15924	803.000
15930	803.000
15980	803.000
15993	803.000
14640	803.100
14648	803.100
14660	803.100
14741	803.100
14758	803.100
14767	803.100
14803	803.100
14845	803.100
14888	803.100
14935	803.100
14938	803.100
14964	803.100
14990	803.100
14994	803.100
14996	803.100
14998	803.100
15011	803.100
15013	803.100
15033	803.100
15077	803.100
15085	803.100
15090	803.100
15104	803.100
15120	803.100
15139	803.100
15156	803.100
15168	803.100
15198	803.100
15343	803.100
15380	803.100
15447	803.100
15490	803.100
15492	803.100
15496	803.100
15533	803.100
15542	803.100
15550	803.100
15571	803.100
15605	803.100
15630	803.100
15650	803.100
15657	803.100
15659	803.100
15676	803.100
15708	803.100
15720	803.100
15723	803.100
15749	803.100
15765	803.100
15779	803.100
15804	803.100
15811	803.100
15882	803.100
15935	803.100
15959	803.100
15969	803.100
15991	803.100
16008	803.100
16026	803.100
14634	803.200
14673	803.200
14677	803.200
14697	803.200
14757	803.200
14764	803.200
14768	803.200
14771	803.200
14785	803.200
14804	803.200
14816	803.200
14817	803.200
14825	803.200
14837	803.200
14868	803.200
14870	803.200
14873	803.200
14878	803.200
14890	803.200
14913	803.200
14917	803.200
14923	803.200
14928	803.200
14984	803.200
14985	803.200
14989	803.200
15005	803.200
15008	803.200
15038	803.200
15043	803.200
15086	803.200
15135	803.200
15142	803.200
15167	803.200
15170	803.200
15201	803.200
15208	803.200
15234	803.200
15237	803.200
15255	803.200
15266	803.200
15281	803.200
15287	803.200
15324	803.200
15339	803.200
15341	803.200
15360	803.200
15365	803.200
15426	803.200
15441	803.200
15458	803.200
15460	803.200
15514	803.200
15545	803.200
15547	803.200
15573	803.200
15588	803.200
15607	803.200
15610	803.200
15625	803.200
15643	803.200
15694	803.200
15697	803.200
15704	803.200
15718	803.200
15725	803.200
15764	803.200
15775	803.200
15786	803.200
15787	803.200
15791	803.200
15843	803.200
15850	803.200
15851	803.200
15859	803.200
15956	803.200
15984	803.200
16009	803.200
16025	803.200
16027	803.200
16029	803.200
16048	803.200
16059	803.200
16063	803.200
14645	803.300
14665	803.300
14707	803.300
14720	803.300
14726	803.300
14731	803.300
14735	803.300
14745	803.300
14751	803.300
14759	803.300
14765	803.300
14766	803.300
14775	803.300
14779	803.300
14780	803.300
14796	803.300
14827	803.300
14841	803.300
14843	803.300
14848	803.300
14879	803.300
14900	803.300
14924	803.300
14965	803.300
14970	803.300
15024	803.300
15031	803.300
15034	803.300
15046	803.300
15050	803.300
15066	803.300
15081	803.300
15083	803.300
15110	803.300
15127	803.300
15136	803.300
15174	803.300
15179	803.300
15190	803.300
15207	803.300
15222	803.300
15230	803.300
15264	803.300
15277	803.300
15311	803.300
15336	803.300
15340	803.300
15344	803.300
15357	803.300
15370	803.300
15387	803.300
15393	803.300
15406	803.300
15419	803.300
15428	803.300
15434	803.300
15453	803.300
15467	803.300
15510	803.300
15518	803.300
15523	803.300
15546	803.300
15549	803.300
15569	803.300
15596	803.300
15618	803.300
15656	803.300
15680	803.300
15696	803.300
15698	803.300
15699	803.300
15705	803.300
15769	803.300
15799	803.300
15822	803.300
15828	803.300
15845	803.300
15880	803.300
15885	803.300
15947	803.300
15973	803.300
15985	803.300
15996	803.300
15997	803.300
16000	803.300
16003	803.300
16006	803.300
16037	803.300
16060	803.300
16062	803.300
16066	803.300
14655	803.400
14659	803.400
14667	803.400
14668	803.400
14676	803.400
14678	803.400
14702	803.400
14718	803.400
14723	803.400
14736	803.400
14738	803.400
14795	803.400
14797	803.400
14812	803.400
14840	803.400
14856	803.400
14863	803.400
14926	803.400
14927	803.400
14952	803.400
14961	803.400
14993	803.400
15028	803.400
15035	803.400
15044	803.400
15049	803.400
15080	803.400
15119	803.400
15137	803.400
15145	803.400
15148	803.400
15155	803.400
15165	803.400
15188	803.400
15206	803.400
15225	803.400
15239	803.400
15278	803.400
15291	803.400
15294	803.400
15307	803.400
15319	803.400
15333	803.400
15346	803.400
15348	803.400
15353	803.400
15355	803.400
15372	803.400
15376	803.400
15382	803.400
15405	803.400
15461	803.400
15471	803.400
15497	803.400
15541	803.400
15554	803.400
15580	803.400
15589	803.400
15593	803.400
15632	803.400
15634	803.400
15668	803.400
15685	803.400
15695	803.400
15700	803.400
15713	803.400
15714	803.400
15722	803.400
15728	803.400
15741	803.400
15748	803.400
15750	803.400
15757	803.400
15761	803.400
15771	803.400
15805	803.400
15812	803.400
15837	803.400
15856	803.400
15896	803.400
15914	803.400
15921	803.400
15954	803.400
15960	803.400
15965	803.400
15976	803.400
16020	803.400
16034	803.400
16035	803.400
16045	803.400
16064	803.400
14629	803.500
14635	803.500
14675	803.500
14686	803.500
14700	803.500
14728	803.500
14737	803.500
14742	803.500
14791	803.500
14822	803.500
14829	803.500
14839	803.500
14847	803.500
14880	803.500
14882	803.500
14906	803.500
14932	803.500
14956	803.500
14979	803.500
14982	803.500
14992	803.500
15030	803.500
15069	803.500
15076	803.500
15089	803.500
15093	803.500
15131	803.500
15140	803.500
15141	803.500
15154	803.500
15169	803.500
15177	803.500
15181	803.500
15209	803.500
15219	803.500
15223	803.500
15271	803.500
15296	803.500
15304	803.500
15332	803.500
15373	803.500
15388	803.500
15402	803.500
15409	803.500
15418	803.500
15457	803.500
15463	803.500
15500	803.500
15519	803.500
15563	803.500
15567	803.500
15582	803.500
15616	803.500
15624	803.500
15627	803.500
15644	803.500
15648	803.500
15662	803.500
15664	803.500
15681	803.500
15703	803.500
15706	803.500
15711	803.500
15738	803.500
15752	803.500
15759	803.500
15780	803.500
15788	803.500
15793	803.500
15816	803.500
15825	803.500
15826	803.500
15840	803.500
15847	803.500
15886	803.500
15890	803.500
15909	803.500
15916	803.500
15926	803.500
15927	803.500
15940	803.500
15979	803.500
16010	803.500
16012	803.500
16042	803.500
16044	803.500
16050	803.500
16065	803.500
14630	803.600
14632	803.600
14649	803.600
14653	803.600
14661	803.600
14671	803.600
14691	803.600
14711	803.600
14750	803.600
14753	803.600
14763	803.600
14777	803.600
14778	803.600
14782	803.600
14792	803.600
14813	803.600
14823	803.600
14833	803.600
14834	803.600
14842	803.600
14869	803.600
14892	803.600
14894	803.600
14916	803.600
14918	803.600
14941	803.600
14947	803.600
14960	803.600
14963	803.600
14976	803.600
14983	803.600
15014	803.600
15023	803.600
15036	803.600
15037	803.600
15051	803.600
15063	803.600
15087	803.600
15115	803.600
15123	803.600
15160	803.600
15166	803.600
15185	803.600
15196	803.600
15204	803.600
15226	803.600
15235	803.600
15236	803.600
15246	803.600
15247	803.600
15276	803.600
15284	803.600
15303	803.600
15310	803.600
15317	803.600
15325	803.600
15328	803.600
15366	803.600
15394	803.600
15411	803.600
15415	803.600
15449	803.600
15450	803.600
15482	803.600
15487	803.600
15488	803.600
15495	803.600
15511	803.600
15512	803.600
15532	803.600
15553	803.600
15556	803.600
15561	803.600
15576	803.600
15590	803.600
15597	803.600
15598	803.600
15651	803.600
15670	803.600
15686	803.600
15726	803.600
15760	803.600
15778	803.600
15801	803.600
15823	803.600
15824	803.600
15839	803.600
15862	803.600
15867	803.600
15872	803.600
15875	803.600
15888	803.600
15903	803.600
15917	803.600
15938	803.600
15942	803.600
16019	803.600
16022	803.600
16030	803.600
16046	803.600
14646	803.700
14654	803.700
14664	803.700
14666	803.700
14685	803.700
14689	803.700
14693	803.700
14703	803.700
14712	803.700
14724	803.700
14746	803.700
14754	803.700
14762	803.700
14774	803.700
14786	803.700
14793	803.700
14794	803.700
14801	803.700
14854	803.700
14861	803.700
14889	803.700
14898	803.700
14902	803.700
14905	803.700
14920	803.700
14921	803.700
14922	803.700
14929	803.700
14972	803.700
14974	803.700
14981	803.700
15006	803.700
15040	803.700
15091	803.700
15098	803.700
15107	803.700
15118	803.700
15161	803.700
15182	803.700
15193	803.700
15213	803.700
15262	803.700
15269	803.700
15272	803.700
15298	803.700
15300	803.700
15309	803.700
15312	803.700
15316	803.700
15320	803.700
15331	803.700
15335	803.700
15354	803.700
15362	803.700
15399	803.700
15401	803.700
15417	803.700
15430	803.700
15436	803.700
15439	803.700
15445	803.700
15459	803.700
15468	803.700
15477	803.700
15484	803.700
15485	803.700
15506	803.700
15509	803.700
15529	803.700
15540	803.700
15548	803.700
15562	803.700
15579	803.700
15583	803.700
15608	803.700
15636	803.700
15640	803.700
15649	803.700
15675	803.700
15683	803.700
15693	803.700
15702	803.700
15717	803.700
15733	803.700
15763	803.700
15814	803.700
15817	803.700
15820	803.700
15829	803.700
15836	803.700
15857	803.700
15861	803.700
15863	803.700
15879	803.700
15895	803.700
15911	803.700
15946	803.700
15948	803.700
15950	803.700
15951	803.700
15977	803.700
15981	803.700
15987	803.700
16011	803.700
16014	803.700
16015	803.700
16043	803.700
14641	803.800
14662	803.800
14669	803.800
14672	803.800
14681	803.800
14809	803.800
14819	803.800
14849	803.800
14872	803.800
14940	803.800
14948	803.800
14953	803.800
14966	803.800
14971	803.800
14980	803.800
14995	803.800
14997	803.800
15009	803.800
15020	803.800
15026	803.800
15039	803.800
15052	803.800
15053	803.800
15064	803.800
15067	803.800
15078	803.800
15084	803.800
15129	803.800
15158	803.800
15194	803.800
15244	803.800
15279	803.800
15285	803.800
15286	803.800
15293	803.800
15295	803.800
15299	803.800
15352	803.800
15369	803.800
15377	803.800
15398	803.800
15413	803.800
15438	803.800
15442	803.800
15451	803.800
15474	803.800
15499	803.800
15515	803.800
15516	803.800
15517	803.800
15555	803.800
15557	803.800
15558	803.800
15566	803.800
15595	803.800
15599	803.800
15602	803.800
15611	803.800
15626	803.800
15633	803.800
15639	803.800
15673	803.800
15692	803.800
15736	803.800
15742	803.800
15746	803.800
15777	803.800
15802	803.800
15813	803.800
15821	803.800
15842	803.800
15860	803.800
15873	803.800
15915	803.800
15918	803.800
15936	803.800
15961	803.800
15983	803.800
15986	803.800
15988	803.800
15992	803.800
16005	803.800
16038	803.800
14652	803.900
14663	803.900
14670	803.900
14680	803.900
14717	803.900
14734	803.900
14740	803.900
14747	803.900
14749	803.900
14755	803.900
14787	803.900
14798	803.900
14810	803.900
14814	803.900
14815	803.900
14820	803.900
14824	803.900
14875	803.900
14881	803.900
14907	803.900
14910	803.900
14930	803.900
14939	803.900
14951	803.900
15012	803.900
15021	803.900
15082	803.900
15102	803.900
15109	803.900
15159	803.900
15175	803.900
15178	803.900
15184	803.900
15189	803.900
15191	803.900
15218	803.900
15242	803.900
15257	803.900
15273	803.900
15292	803.900
15301	803.900
15327	803.900
15378	803.900
15379	803.900
15446	803.900
15448	803.900
15465	803.900
15469	803.900
15503	803.900
15530	803.900
15538	803.900
15539	803.900
15543	803.900
15551	803.900
15564	803.900
15568	803.900
15587	803.900
15600	803.900
15620	803.900
15629	803.900
15638	803.900
15655	803.900
15671	803.900
15701	803.900
15734	803.900
15762	803.900
15766	803.900
15834	803.900
15864	803.900
15877	803.900
15898	803.900
15919	803.900
15932	803.900
15941	803.900
15963	803.900
16047	803.900
16049	803.900
16061	803.900
14651	804.000
14674	804.000
14694	804.000
14695	804.000
14706	804.000
14739	804.000
14826	804.000
14828	804.000
14859	804.000
14864	804.000
14877	804.000
14896	804.000
14915	804.000
14944	804.000
14945	804.000
14968	804.000
14987	804.000
15075	804.000
15094	804.000
15096	804.000
15121	804.000
15144	804.000
15210	804.000
15227	804.000
15270	804.000
15330	804.000
15351	804.000
15356	804.000
15363	804.000
15371	804.000
15389	804.000
15429	804.000
15433	804.000
15466	804.000
15475	804.000
15476	804.000
15480	804.000
15494	804.000
15521	804.000
15578	804.000
15635	804.000
15690	804.000
15756	804.000
15767	804.000
15776	804.000
15789	804.000
15806	804.000
15838	804.000
15868	804.000
15929	804.000
15943	804.000
15958	804.000
15966	804.000
15972	804.000
16004	804.000
16021	804.000
16055	804.000
14644	804.100
14721	804.100
14799	804.100
14867	804.100
14884	804.100
14885	804.100
14931	804.100
14949	804.100
15004	804.100
15018	804.100
15088	804.100
15105	804.100
15117	804.100
15150	804.100
15186	804.100
15243	804.100
15249	804.100
15256	804.100
15350	804.100
15412	804.100
15455	804.100
15491	804.100
15501	804.100
15604	804.100
15652	804.100
15665	804.100
15666	804.100
15815	804.100
15833	804.100
15841	804.100
15853	804.100
15883	804.100
15897	804.100
15908	804.100
15933	804.100
15945	804.100
16007	804.100
16032	804.100
16041	804.100
14698	804.200
14709	804.200
14733	804.200
14871	804.200
14936	804.200
14937	804.200
15017	804.200
15217	804.200
15245	804.200
15283	804.200
15358	804.200
15400	804.200
15425	804.200
15440	804.200
15443	804.200
15504	804.200
15552	804.200
15581	804.200
15591	804.200
15631	804.200
15645	804.200
15658	804.200
15678	804.200
15819	804.200
15835	804.200
15887	804.200
15953	804.200
15955	804.200
16031	804.200
16040	804.200
14705	804.300
14860	804.300
14876	804.300
14891	804.300
14908	804.300
15007	804.300
15055	804.300
15101	804.300
15113	804.300
15143	804.300
15171	804.300
15203	804.300
15211	804.300
15220	804.300
15422	804.300
15437	804.300
15470	804.300
15612	804.300
15617	804.300
15688	804.300
15782	804.300
15827	804.300
15874	804.300
15978	804.300
14730	804.400
14752	804.400
14883	804.400
15059	804.400
15106	804.400
15176	804.400
15229	804.400
15263	804.400
15318	804.400
15392	804.400
15410	804.400
15416	804.400
15489	804.400
15527	804.400
15623	804.400
15707	804.400
15922	804.400
15934	804.400
16028	804.400
15173	804.500
15202	804.500
15432	804.500
16013	804.500
