# NEST version: 3.5
# RecordingBackendASCII version: 2
sender	time_ms
14549	0.100
14612	712.400
14522	712.700
14585	712.700
14602	712.700
14525	712.800
14557	712.800
14563	712.800
14576	712.800
14578	712.800
14579	712.800
14593	712.800
14599	712.800
14527	712.900
14531	712.900
14533	712.900
14537	712.900
14538	712.900
14539	712.900
14546	712.900
14560	712.900
14565	712.900
14581	712.900
14591	712.900
14620	712.900
14530	713.000
14532	713.000
14550	713.000
14555	713.000
14572	713.000
14573	713.000
14594	713.000
14605	713.000
14553	713.100
14561	713.100
14570	713.100
14571	713.100
14575	713.100
14608	713.100
14610	713.100
14615	713.100
14618	713.100
14624	713.100
14524	713.200
14529	713.200
14577	713.200
14582	713.200
14595	713.200
14596	713.200
14597	713.200
14611	713.200
14614	713.200
14616	713.200
14619	713.200
14622	713.200
14623	713.200
14526	713.300
14551	713.300
14569	713.300
14587	713.300
14588	713.300
14592	713.300
14600	713.300
14601	713.300
14603	713.300
14606	713.300
14609	713.300
14544	713.400
14547	713.400
14549	713.400
14554	713.400
14556	713.400
14567	713.400
14568	713.400
14584	713.400
14586	713.400
14590	713.400
14625	713.400
14521	713.500
14540	713.500
14559	713.500
14566	713.500
14534	713.600
14535	713.600
14552	713.600
14536	713.700
14543	713.700
14580	713.700
14574	713.900
14589	713.900
14558	715.400
14585	715.400
14563	715.500
14533	715.600
14560	715.600
14591	715.600
14593	715.600
14565	715.700
14525	715.800
14553	715.800
14573	715.800
14581	715.800
14594	715.800
14605	715.800
14530	715.900
14531	715.900
14537	715.900
14570	715.900
14572	715.900
14614	715.900
14619	715.900
14624	715.900
14522	716.000
14529	716.000
14545	716.000
14561	716.000
14577	716.000
14578	716.000
14582	716.000
14592	716.000
14595	716.000
14596	716.000
14597	716.000
14599	716.000
14600	716.000
14601	716.000
14611	716.000
14617	716.000
14618	716.000
14526	716.100
14538	716.100
14539	716.100
14544	716.100
14554	716.100
14587	716.100
14602	716.100
14603	716.100
14622	716.100
14623	716.100
14549	716.200
14562	716.200
14575	716.200
14609	716.200
14620	716.200
14625	716.200
14521	716.300
14527	716.300
14557	716.300
14566	716.300
14567	716.300
14569	716.300
14606	716.300
14612	716.300
14547	716.400
14556	716.400
14524	716.500
14534	716.500
14559	716.500
14540	716.600
14543	716.600
14535	716.700
14531	734.900
14585	735.500
14625	735.500
14533	735.600
14558	735.600
14618	735.600
14536	735.700
14538	735.700
14594	735.700
14605	735.700
14539	735.800
14544	735.800
14560	735.800
14575	735.800
14599	735.800
14525	735.900
14563	735.900
14565	735.900
14579	736.000
14602	736.000
14527	736.100
14530	736.100
14537	736.100
14566	736.100
14591	736.100
14522	736.200
14547	736.200
14554	736.200
14577	736.200
14578	736.200
14615	736.200
14619	736.200
14529	736.300
14549	736.300
14553	736.300
14572	736.300
14603	736.300
14540	736.400
14557	736.400
14582	736.400
14606	736.400
14620	736.400
14569	736.500
14601	736.500
14624	736.500
14552	736.600
14534	736.700
14560	745.200
14585	745.500
14522	745.600
14573	745.600
14579	745.600
14530	745.700
14536	745.700
14619	745.700
14623	745.700
14529	745.800
14553	745.800
14563	745.800
14578	745.800
14591	745.800
14601	745.800
14605	745.800
14606	745.800
14614	745.800
14533	745.900
14537	745.900
14557	745.900
14572	745.900
14594	745.900
14599	745.900
14600	745.900
14612	745.900
14525	746.000
14538	746.000
14547	746.000
14566	746.000
14570	746.000
14582	746.000
14603	746.000
14527	746.100
14534	746.100
14540	746.100
14549	746.100
14565	746.100
14577	746.100
14593	746.100
14602	746.100
14618	746.100
14620	746.100
14624	746.100
14625	746.100
14552	746.200
14555	746.200
14558	746.200
14561	746.200
14569	746.200
14575	746.200
14576	746.200
14581	746.200
14615	746.200
14539	746.300
14543	746.300
14596	746.300
14617	746.300
14622	746.300
14564	746.400
14592	746.400
14524	746.500
14554	746.500
14594	749.000
14530	749.400
14591	749.500
14599	749.500
14561	749.600
14618	749.800
14585	749.900
14592	749.900
14525	750.000
14529	750.100
14589	750.200
14612	750.200
14554	750.300
14522	761.400
14560	761.500
14572	761.500
14578	761.500
14533	761.700
14563	761.700
14585	761.700
14593	761.700
14612	761.700
14619	761.700
14530	761.800
14566	761.800
14576	761.800
14579	761.800
14601	761.800
14532	761.900
14536	761.900
14538	761.900
14546	761.900
14548	761.900
14553	761.900
14557	761.900
14599	761.900
14602	761.900
14605	761.900
14606	761.900
14614	761.900
14617	761.900
14529	762.000
14570	762.000
14581	762.000
14582	762.000
14592	762.000
14594	762.000
14611	762.000
14615	762.000
14618	762.000
14620	762.000
14623	762.000
14625	762.000
14524	762.100
14525	762.100
14528	762.100
14534	762.100
14537	762.100
14540	762.100
14544	762.100
14549	762.100
14552	762.100
14554	762.100
14558	762.100
14565	762.100
14577	762.100
14586	762.100
14591	762.100
14603	762.100
14624	762.100
14527	762.200
14543	762.200
14561	762.200
14573	762.200
14597	762.200
14622	762.200
14555	762.300
14595	762.300
14596	762.300
14531	762.400
14545	762.400
14562	762.400
14564	762.400
14567	762.400
14569	762.400
14575	762.400
14600	762.400
14547	762.500
14590	762.500
14589	762.900
14563	764.600
14594	764.900
14614	765.000
14585	765.100
14624	765.100
14530	765.300
14553	765.300
14560	765.300
14565	765.400
14572	765.600
14544	765.700
14554	765.800
14592	765.800
14618	765.800
14522	780.700
14560	780.800
14599	780.800
14536	781.000
14553	781.000
14578	781.000
14612	781.000
14619	781.000
14525	781.100
14530	781.100
14532	781.100
14563	781.100
14579	781.100
14581	781.100
14591	781.100
14593	781.100
14601	781.100
14602	781.100
14605	781.100
14615	781.100
14528	781.200
14531	781.200
14566	781.200
14569	781.200
14573	781.200
14575	781.200
14585	781.200
14600	781.200
14625	781.200
14521	781.300
14529	781.300
14534	781.300
14537	781.300
14538	781.300
14556	781.300
14561	781.300
14570	781.300
14576	781.300
14577	781.300
14594	781.300
14603	781.300
14617	781.300
14618	781.300
14620	781.300
14622	781.300
14623	781.300
14533	781.400
14544	781.400
14546	781.400
14549	781.400
14557	781.400
14564	781.400
14565	781.400
14567	781.400
14580	781.400
14587	781.400
14592	781.400
14595	781.400
14606	781.400
14611	781.400
14613	781.400
14626	781.400
14524	781.500
14527	781.500
14540	781.500
14550	781.500
14552	781.500
14555	781.500
14558	781.500
14559	781.500
14582	781.500
14586	781.500
14590	781.500
14542	781.600
14543	781.600
14554	781.600
14572	781.600
14596	781.600
14598	781.600
14610	781.600
14614	781.600
14624	781.600
14535	781.700
14539	781.700
14545	781.700
14547	781.700
14583	781.700
14597	781.800
14589	782.000
14563	784.000
14585	784.100
14615	784.100
14619	784.100
14530	784.200
14553	784.200
14560	784.200
14594	784.200
14605	784.200
14612	784.200
14525	784.300
14573	784.300
14565	784.400
14566	784.400
14581	784.400
14595	784.400
14537	784.500
14544	784.500
14558	784.500
14587	784.500
14617	784.500
14531	784.600
14554	784.600
14575	784.600
14591	784.600
14618	784.600
14528	784.700
14572	784.700
14613	784.700
14614	784.700
14622	784.700
14624	784.700
14522	784.800
14529	784.800
14626	784.800
14603	784.900
14522	802.700
14579	803.100
14585	803.100
14530	803.200
14537	803.200
14538	803.200
14550	803.200
14560	803.200
14605	803.200
14618	803.200
14563	803.300
14572	803.300
14599	803.300
14602	803.300
14625	803.300
14524	803.400
14532	803.400
14536	803.400
14558	803.400
14565	803.400
14578	803.400
14591	803.400
14603	803.400
14612	803.400
14525	803.500
14529	803.500
14539	803.500
14557	803.500
14561	803.500
14573	803.500
14575	803.500
14576	803.500
14593	803.500
14594	803.500
14614	803.500
14620	803.500
14622	803.500
14624	803.500
14531	803.600
14534	803.600
14544	803.600
14549	803.600
14554	803.600
14566	803.600
14581	803.600
14592	803.600
14597	803.600
14601	803.600
14611	803.600
14533	803.700
14553	803.700
14564	803.700
14569	803.700
14577	803.700
14580	803.700
14626	803.700
14527	803.800
14552	803.800
14567	803.800
14595	803.800
14606	803.800
14615	803.800
14617	803.800
14619	803.800
14521	803.900
14547	803.900
14587	803.900
14546	804.000
14559	804.000
14613	804.000
14528	804.100
14570	804.100
14586	804.100
14596	804.100
14574	804.200
14540	804.400
14589	804.500
14545	806.000
14563	806.100
14565	806.100
14530	806.200
14560	806.200
14544	806.300
14558	806.300
14618	806.300
14525	806.400
14543	806.400
14549	806.400
14554	806.400
14561	806.400
14572	806.400
14585	806.400
14593	806.400
14594	806.400
14614	806.400
14531	806.500
14537	806.500
14573	806.500
14624	806.500
14524	806.600
14539	806.600
14553	806.600
14577	806.600
14578	806.600
14529	806.700
14538	806.700
14591	806.700
14597	806.700
14603	806.700
14612	806.700
14623	806.700
14626	806.700
14522	806.800
14536	806.800
14566	806.800
14582	806.800
14602	806.900
14613	806.900
14533	807.000
14581	807.000
14534	807.200
