# NEST version: 3.5
# RecordingBackendASCII version: 2
sender	time_ms
5499	0.100
5827	710.600
5478	710.800
5520	710.800
5559	710.800
5688	710.800
5785	710.800
5786	710.800
5866	710.800
5438	710.900
5594	710.900
5618	710.900
5712	710.900
5743	710.900
5763	710.900
5778	710.900
5784	710.900
5795	710.900
5835	710.900
5853	710.900
5860	710.900
5871	710.900
5419	711.000
5449	711.000
5454	711.000
5455	711.000
5480	711.000
5494	711.000
5496	711.000
5504	711.000
5542	711.000
5551	711.000
5558	711.000
5562	711.000
5573	711.000
5579	711.000
5603	711.000
5605	711.000
5623	711.000
5626	711.000
5655	711.000
5661	711.000
5663	711.000
5676	711.000
5723	711.000
5753	711.000
5761	711.000
5819	711.000
5822	711.000
5831	711.000
5833	711.000
5855	711.000
5395	711.100
5404	711.100
5408	711.100
5426	711.100
5440	711.100
5445	711.100
5475	711.100
5477	711.100
5484	711.100
5486	711.100
5500	711.100
5501	711.100
5512	711.100
5515	711.100
5522	711.100
5533	711.100
5539	711.100
5546	711.100
5556	711.100
5567	711.100
5583	711.100
5584	711.100
5585	711.100
5597	711.100
5609	711.100
5616	711.100
5624	711.100
5629	711.100
5650	711.100
5659	711.100
5660	711.100
5679	711.100
5700	711.100
5708	711.100
5711	711.100
5721	711.100
5726	711.100
5745	711.100
5758	711.100
5760	711.100
5764	711.100
5771	711.100
5801	711.100
5814	711.100
5825	711.100
5830	711.100
5859	711.100
5872	711.100
5397	711.200
5403	711.200
5410	711.200
5424	711.200
5430	711.200
5434	711.200
5435	711.200
5436	711.200
5437	711.200
5441	711.200
5451	711.200
5453	711.200
5461	711.200
5462	711.200
5470	711.200
5491	711.200
5497	711.200
5503	711.200
5524	711.200
5543	711.200
5544	711.200
5547	711.200
5553	711.200
5560	711.200
5561	711.200
5572	711.200
5575	711.200
5577	711.200
5590	711.200
5598	711.200
5602	711.200
5614	711.200
5627	711.200
5630	711.200
5631	711.200
5634	711.200
5637	711.200
5638	711.200
5649	711.200
5651	711.200
5654	711.200
5665	711.200
5672	711.200
5682	711.200
5684	711.200
5693	711.200
5695	711.200
5697	711.200
5702	711.200
5710	711.200
5713	711.200
5716	711.200
5719	711.200
5725	711.200
5729	711.200
5733	711.200
5738	711.200
5741	711.200
5747	711.200
5754	711.200
5762	711.200
5765	711.200
5767	711.200
5772	711.200
5775	711.200
5787	711.200
5798	711.200
5818	711.200
5823	711.200
5836	711.200
5842	711.200
5844	711.200
5865	711.200
5393	711.300
5394	711.300
5406	711.300
5409	711.300
5412	711.300
5423	711.300
5428	711.300
5439	711.300
5456	711.300
5463	711.300
5465	711.300
5468	711.300
5471	711.300
5472	711.300
5473	711.300
5479	711.300
5482	711.300
5490	711.300
5495	711.300
5499	711.300
5508	711.300
5514	711.300
5516	711.300
5525	711.300
5526	711.300
5530	711.300
5531	711.300
5536	711.300
5540	711.300
5541	711.300
5550	711.300
5565	711.300
5581	711.300
5588	711.300
5595	711.300
5606	711.300
5613	711.300
5632	711.300
5633	711.300
5636	711.300
5645	711.300
5646	711.300
5653	711.300
5669	711.300
5671	711.300
5673	711.300
5674	711.300
5680	711.300
5683	711.300
5689	711.300
5691	711.300
5714	711.300
5718	711.300
5728	711.300
5734	711.300
5776	711.300
5777	711.300
5780	711.300
5782	711.300
5790	711.300
5792	711.300
5806	711.300
5808	711.300
5811	711.300
5813	711.300
5816	711.300
5817	711.300
5820	711.300
5829	711.300
5834	711.300
5838	711.300
5846	711.300
5849	711.300
5851	711.300
5854	711.300
5873	711.300
5392	711.400
5399	711.400
5407	711.400
5414	711.400
5416	711.400
5417	711.400
5420	711.400
5422	711.400
5432	711.400
5443	711.400
5448	711.400
5457	711.400
5459	711.400
5466	711.400
5467	711.400
5476	711.400
5485	711.400
5489	711.400
5492	711.400
5505	711.400
5507	711.400
5511	711.400
5513	711.400
5518	711.400
5519	711.400
5528	711.400
5545	711.400
5552	711.400
5569	711.400
5586	711.400
5589	711.400
5591	711.400
5596	711.400
5600	711.400
5635	711.400
5641	711.400
5644	711.400
5648	711.400
5656	711.400
5658	711.400
5662	711.400
5664	711.400
5666	711.400
5690	711.400
5692	711.400
5701	711.400
5704	711.400
5727	711.400
5730	711.400
5731	711.400
5744	711.400
5750	711.400
5751	711.400
5759	711.400
5766	711.400
5781	711.400
5783	711.400
5788	711.400
5789	711.400
5802	711.400
5803	711.400
5812	711.400
5815	711.400
5824	711.400
5837	711.400
5839	711.400
5848	711.400
5850	711.400
5852	711.400
5867	711.400
5875	711.400
5396	711.500
5401	711.500
5421	711.500
5427	711.500
5431	711.500
5433	711.500
5452	711.500
5458	711.500
5460	711.500
5481	711.500
5506	711.500
5509	711.500
5537	711.500
5548	711.500
5566	711.500
5578	711.500
5593	711.500
5599	711.500
5601	711.500
5608	711.500
5610	711.500
5611	711.500
5615	711.500
5619	711.500
5620	711.500
5643	711.500
5647	711.500
5652	711.500
5657	711.500
5667	711.500
5698	711.500
5699	711.500
5703	711.500
5706	711.500
5717	711.500
5720	711.500
5735	711.500
5739	711.500
5740	711.500
5752	711.500
5756	711.500
5757	711.500
5768	711.500
5794	711.500
5796	711.500
5800	711.500
5805	711.500
5807	711.500
5826	711.500
5832	711.500
5841	711.500
5856	711.500
5870	711.500
5398	711.600
5400	711.600
5405	711.600
5411	711.600
5425	711.600
5442	711.600
5446	711.600
5450	711.600
5469	711.600
5483	711.600
5498	711.600
5535	711.600
5549	711.600
5564	711.600
5571	711.600
5576	711.600
5580	711.600
5592	711.600
5604	711.600
5617	711.600
5621	711.600
5625	711.600
5639	711.600
5640	711.600
5642	711.600
5668	711.600
5675	711.600
5685	711.600
5694	711.600
5707	711.600
5722	711.600
5737	711.600
5746	711.600
5748	711.600
5749	711.600
5755	711.600
5779	711.600
5809	711.600
5840	711.600
5843	711.600
5847	711.600
5861	711.600
5862	711.600
5864	711.600
5869	711.600
5874	711.600
5876	711.600
5402	711.700
5444	711.700
5464	711.700
5487	711.700
5488	711.700
5502	711.700
5510	711.700
5517	711.700
5523	711.700
5527	711.700
5532	711.700
5534	711.700
5554	711.700
5555	711.700
5570	711.700
5587	711.700
5622	711.700
5677	711.700
5678	711.700
5681	711.700
5686	711.700
5705	711.700
5709	711.700
5724	711.700
5736	711.700
5742	711.700
5770	711.700
5774	711.700
5797	711.700
5821	711.700
5828	711.700
5845	711.700
5857	711.700
5858	711.700
5863	711.700
5868	711.700
5413	711.800
5429	711.800
5474	711.800
5529	711.800
5574	711.800
5582	711.800
5670	711.800
5696	711.800
5715	711.800
5732	711.800
5773	711.800
5804	711.800
5418	711.900
5538	711.900
5557	711.900
5563	711.900
5568	711.900
5607	711.900
5793	711.900
5799	711.900
5493	712.000
5521	712.000
5612	712.000
5687	712.000
5769	712.000
5791	712.000
5447	712.100
5628	712.100
5415	712.200
5810	712.300
5833	714.600
5397	714.900
5507	714.900
5400	715.100
5814	715.100
5712	715.200
5780	715.200
5839	715.200
5515	715.300
5523	715.300
5551	715.300
5710	715.300
5761	715.300
5836	715.300
5872	715.300
5442	715.400
5535	715.400
5580	715.400
5597	715.400
5670	715.400
5795	715.400
5831	715.400
5412	715.500
5468	715.500
5499	715.500
5694	715.500
5705	715.500
5750	715.500
5769	715.500
5844	715.500
5874	715.500
5418	715.600
5436	715.600
5487	715.600
5522	715.600
5736	715.600
5765	715.600
5448	715.700
5513	715.700
5647	715.700
5688	715.700
5740	715.700
5771	715.700
5838	715.700
5530	715.800
5630	715.800
5691	715.800
5776	715.800
5550	715.900
5655	715.900
5657	715.900
5718	715.900
5751	715.900
5819	715.900
5496	716.000
5539	716.000
5658	716.000
5786	716.000
5405	716.100
5500	716.100
5568	716.100
5598	716.100
5707	716.100
5743	716.100
5437	716.200
5458	716.200
5460	716.200
5726	716.200
5498	716.400
5778	716.600
5853	737.800
5871	738.300
5786	738.400
5860	738.500
5445	738.800
5663	738.800
5795	738.800
5496	738.900
5525	738.900
5777	738.900
5866	738.900
5438	739.000
5524	739.000
5836	739.000
5835	739.100
5801	739.200
5542	739.300
5471	739.400
5478	739.400
5512	739.400
5780	739.400
5798	739.400
5623	739.500
5409	739.600
5449	739.600
5567	739.600
5813	739.600
5851	739.600
5404	739.700
5520	739.700
5595	739.700
5642	739.700
5646	739.700
5671	739.700
5808	739.700
5872	739.700
5501	739.800
5636	739.800
5700	739.800
5848	739.800
5448	739.900
5507	739.900
5553	739.900
5601	739.900
5716	739.900
5747	739.900
5760	739.900
5771	739.900
5814	739.900
5480	740.000
5603	740.000
5625	740.000
5655	740.000
5672	740.000
5778	740.000
5820	740.000
5426	740.100
5435	740.100
5441	740.100
5477	740.100
5499	740.100
5551	740.100
5600	740.100
5605	740.100
5680	740.100
5719	740.100
5802	740.100
5833	740.100
5410	740.200
5455	740.200
5514	740.200
5569	740.200
5650	740.200
5688	740.200
5712	740.200
5723	740.200
5754	740.200
5823	740.200
5827	740.200
5434	740.300
5470	740.300
5522	740.300
5556	740.300
5560	740.300
5710	740.300
5819	740.300
5855	740.300
5876	740.300
5440	740.400
5486	740.400
5543	740.400
5558	740.400
5579	740.400
5597	740.400
5638	740.400
5658	740.400
5713	740.400
5729	740.400
5758	740.400
5765	740.400
5767	740.400
5806	740.400
5439	740.500
5451	740.500
5464	740.500
5466	740.500
5482	740.500
5495	740.500
5505	740.500
5546	740.500
5585	740.500
5594	740.500
5618	740.500
5637	740.500
5725	740.500
5776	740.500
5782	740.500
5784	740.500
5550	740.600
5693	740.600
5726	740.600
5743	740.600
5785	740.600
5822	740.600
5395	740.700
5424	740.700
5456	740.700
5490	740.700
5503	740.700
5573	740.700
5750	740.700
5417	740.800
5437	740.800
5444	740.800
5462	740.800
5479	740.800
5485	740.800
5491	740.800
5513	740.800
5540	740.800
5593	740.800
5624	740.800
5633	740.800
5647	740.800
5666	740.800
5736	740.800
5737	740.800
5755	740.800
5761	740.800
5831	740.800
5857	740.800
5467	740.900
5469	740.900
5475	740.900
5511	740.900
5519	740.900
5526	740.900
5613	740.900
5685	740.900
5844	740.900
5867	740.900
5411	741.000
5412	741.000
5545	741.000
5559	741.000
5598	741.000
5711	741.000
5738	741.000
5769	741.000
5775	741.000
5815	741.000
5829	741.000
5869	741.000
5873	741.000
5468	741.100
5472	741.100
5494	741.100
5508	741.100
5541	741.100
5572	741.100
5586	741.100
5599	741.100
5629	741.100
5631	741.100
5639	741.100
5654	741.100
5659	741.100
5727	741.100
5397	741.200
5443	741.200
5454	741.200
5481	741.200
5531	741.200
5555	741.200
5564	741.200
5578	741.200
5627	741.200
5706	741.200
5718	741.200
5745	741.200
5763	741.200
5770	741.200
5428	741.300
5461	741.300
5473	741.300
5566	741.300
5577	741.300
5616	741.300
5686	741.300
5691	741.300
5696	741.300
5697	741.300
5721	741.300
5731	741.300
5749	741.300
5839	741.300
5392	741.400
5398	741.400
5416	741.400
5419	741.400
5422	741.400
5487	741.400
5530	741.400
5534	741.400
5562	741.400
5570	741.400
5588	741.400
5621	741.400
5622	741.400
5626	741.400
5651	741.400
5714	741.400
5741	741.400
5834	741.400
5868	741.400
5484	741.500
5536	741.500
5565	741.500
5581	741.500
5591	741.500
5615	741.500
5660	741.500
5661	741.500
5664	741.500
5702	741.500
5708	741.500
5735	741.500
5759	741.500
5826	741.500
5832	741.500
5403	741.600
5420	741.600
5509	741.600
5561	741.600
5583	741.600
5589	741.600
5619	741.600
5645	741.600
5669	741.600
5676	741.600
5757	741.600
5788	741.600
5838	741.600
5849	741.600
5874	741.600
5442	741.700
5458	741.700
5476	741.700
5498	741.700
5502	741.700
5523	741.700
5532	741.700
5632	741.700
5674	741.700
5682	741.700
5694	741.700
5695	741.700
5744	741.700
5787	741.700
5792	741.700
5830	741.700
5858	741.700
5863	741.700
5393	741.800
5408	741.800
5460	741.800
5488	741.800
5539	741.800
5608	741.800
5614	741.800
5677	741.800
5684	741.800
5705	741.800
5730	741.800
5790	741.800
5797	741.800
5807	741.800
5865	741.800
5400	741.900
5432	741.900
5436	741.900
5446	741.900
5453	741.900
5457	741.900
5463	741.900
5489	741.900
5518	741.900
5537	741.900
5590	741.900
5604	741.900
5656	741.900
5657	741.900
5673	741.900
5692	741.900
5800	741.900
5803	741.900
5804	741.900
5837	741.900
5845	741.900
5864	741.900
5870	741.900
5394	742.000
5399	742.000
5405	742.000
5407	742.000
5418	742.000
5500	742.000
5528	742.000
5529	742.000
5612	742.000
5653	742.000
5679	742.000
5732	742.000
5764	742.000
5781	742.000
5789	742.000
5821	742.000
5504	742.100
5515	742.100
5538	742.100
5544	742.100
5547	742.100
5575	742.100
5596	742.100
5609	742.100
5640	742.100
5728	742.100
5850	742.100
5859	742.100
5396	742.200
5401	742.200
5423	742.200
5517	742.200
5521	742.200
5602	742.200
5628	742.200
5644	742.200
5683	742.200
5701	742.200
5746	742.200
5748	742.200
5783	742.200
5811	742.200
5846	742.200
5402	742.300
5421	742.300
5568	742.300
5587	742.300
5592	742.300
5620	742.300
5630	742.300
5698	742.300
5699	742.300
5720	742.300
5734	742.300
5762	742.300
5794	742.300
5805	742.300
5875	742.300
5465	742.400
5516	742.400
5641	742.400
5649	742.400
5668	742.400
5687	742.400
5717	742.400
5752	742.400
5810	742.400
5812	742.400
5406	742.500
5452	742.500
5510	742.500
5548	742.500
5549	742.500
5554	742.500
5574	742.500
5576	742.500
5582	742.500
5611	742.500
5634	742.500
5648	742.500
5703	742.500
5707	742.500
5709	742.500
5733	742.500
5740	742.500
5742	742.500
5774	742.500
5779	742.500
5793	742.500
5818	742.500
5840	742.500
5842	742.500
5852	742.500
5860	742.500
5861	742.500
5866	742.500
5414	742.600
5492	742.600
5493	742.600
5527	742.600
5557	742.600
5563	742.600
5635	742.600
5652	742.600
5667	742.600
5690	742.600
5722	742.600
5753	742.600
5756	742.600
5766	742.600
5786	742.600
5791	742.600
5796	742.600
5853	742.600
5862	742.600
5413	742.700
5425	742.700
5427	742.700
5483	742.700
5643	742.700
5678	742.700
5795	742.700
5854	742.700
5871	742.700
5430	742.800
5533	742.800
5704	742.800
5768	742.800
5772	742.800
5773	742.800
5777	742.800
5817	742.800
5824	742.800
5825	742.800
5429	742.900
5445	742.900
5459	742.900
5535	742.900
5617	742.900
5724	742.900
5739	742.900
5816	742.900
5847	742.900
5525	743.000
5606	743.000
5670	743.000
5836	743.000
5841	743.000
5580	743.100
5662	743.100
5663	743.100
5751	743.100
5801	743.100
5856	743.100
5409	743.200
5496	743.200
5497	743.200
5571	743.200
5665	743.200
5689	743.200
5449	743.300
5450	743.300
5595	743.300
5716	743.300
5478	743.400
5506	743.400
5507	743.400
5605	743.400
5780	743.400
5813	743.400
5814	743.400
5843	743.400
5426	743.500
5431	743.500
5447	743.500
5477	743.500
5680	743.500
5700	743.500
5715	743.500
5819	743.500
5404	743.600
5441	743.600
5471	743.600
5672	743.600
5799	743.600
5848	743.600
5872	743.600
5464	743.700
5501	743.700
5512	743.700
5636	743.700
5802	743.700
5415	743.800
5520	743.800
5607	743.800
5646	743.800
5671	743.800
5747	743.800
5765	743.800
5828	743.800
5470	743.900
5474	743.900
5499	743.900
5514	744.000
5542	744.000
5655	744.000
5675	744.100
5638	744.500
5713	744.600
5490	745.000
5438	745.200
5642	745.300
5543	745.700
5585	745.700
5434	745.800
5712	745.800
5440	745.900
5496	752.700
5871	752.700
5526	752.900
5597	752.900
5866	753.000
5822	753.200
5831	753.200
5785	753.300
5873	753.300
5567	753.400
5778	753.400
5618	753.500
5710	753.500
5466	753.600
5808	753.600
5439	753.700
5501	753.700
5448	753.800
5481	753.800
5512	753.800
5767	753.800
5408	753.900
5479	753.900
5562	753.900
5573	754.000
5713	754.000
5417	754.100
5780	754.100
5723	754.200
5438	754.300
5467	754.300
5520	754.300
5550	754.300
5595	754.300
5406	754.400
5784	754.400
5454	754.500
5560	754.500
5806	754.500
5813	754.500
5672	754.600
5451	754.700
5482	754.700
5853	754.700
5546	754.800
5551	754.800
5872	754.800
5594	754.900
5786	755.100
5777	755.200
5802	755.200
5624	755.300
5693	755.300
5795	755.300
5437	755.400
5716	755.400
5830	755.400
5435	755.500
5468	755.500
5508	755.500
5514	755.500
5426	755.700
5392	755.800
5666	755.800
5714	755.800
5771	755.800
5395	755.900
5553	755.900
5569	755.900
5835	755.900
5869	755.900
5801	756.000
5544	756.100
5851	756.100
5613	756.200
5677	756.300
5449	756.400
5486	756.400
5564	756.400
5695	756.400
5700	756.400
5754	756.400
5776	756.400
5836	756.400
5490	756.500
5570	756.500
5585	756.500
5605	756.500
5637	756.500
5765	756.500
5400	756.600
5525	756.600
5638	756.600
5745	756.600
5823	756.700
5844	756.700
5601	756.800
5775	756.800
5404	756.900
5440	756.900
5522	756.900
5598	756.900
5655	756.900
5407	757.000
5631	757.000
5719	757.000
5764	757.000
5798	757.000
5411	757.100
5420	757.100
5443	757.100
5477	757.100
5480	757.100
5507	757.100
5518	757.100
5636	757.100
5711	757.100
5837	757.100
5874	757.100
5423	757.200
5499	757.200
5540	757.200
5600	757.200
5608	757.200
5629	757.200
5651	757.200
5663	757.200
5671	757.200
5747	757.200
5750	757.200
5760	757.200
5403	757.300
5495	757.300
5511	757.300
5541	757.300
5674	757.300
5758	757.300
5761	757.300
5819	757.300
5455	757.400
5470	757.400
5545	757.400
5623	757.400
5650	757.400
5419	757.500
5422	757.500
5456	757.500
5579	757.500
5625	757.500
5682	757.500
5688	757.500
5820	757.500
5833	757.500
5867	757.500
5472	757.600
5535	757.600
5616	757.600
5656	757.600
5729	757.600
5409	757.700
5414	757.700
5418	757.700
5457	757.700
5478	757.700
5487	757.700
5542	757.700
5694	757.700
5741	757.700
5827	757.700
5397	757.800
5412	757.800
5574	757.800
5603	757.800
5633	757.800
5658	757.800
5680	757.800
5692	757.800
5728	757.800
5743	757.800
5749	757.800
5759	757.800
5816	757.800
5825	757.800
5868	757.800
5484	757.900
5503	757.900
5543	757.900
5727	757.900
5731	757.900
5736	757.900
5829	757.900
5860	757.900
5436	758.000
5442	758.000
5461	758.000
5471	758.000
5494	758.000
5523	758.000
5524	758.000
5536	758.000
5566	758.000
5581	758.000
5614	758.000
5622	758.000
5627	758.000
5639	758.000
5643	758.000
5662	758.000
5691	758.000
5772	758.000
5834	758.000
5852	758.000
5857	758.000
5396	758.100
5410	758.100
5434	758.100
5462	758.100
5488	758.100
5515	758.100
5521	758.100
5558	758.100
5575	758.100
5578	758.100
5584	758.100
5590	758.100
5609	758.100
5653	758.100
5669	758.100
5686	758.100
5696	758.100
5721	758.100
5800	758.100
5838	758.100
5850	758.100
5398	758.200
5421	758.200
5453	758.200
5465	758.200
5530	758.200
5547	758.200
5561	758.200
5582	758.200
5588	758.200
5619	758.200
5621	758.200
5657	758.200
5673	758.200
5712	758.200
5725	758.200
5730	758.200
5735	758.200
5752	758.200
5804	758.200
5815	758.200
5848	758.200
5866	758.200
5428	758.300
5444	758.300
5445	758.300
5469	758.300
5485	758.300
5491	758.300
5556	758.300
5612	758.300
5642	758.300
5647	758.300
5654	758.300
5659	758.300
5667	758.300
5676	758.300
5706	758.300
5718	758.300
5782	758.300
5840	758.300
5859	758.300
5871	758.300
5876	758.300
5473	758.400
5496	758.400
5509	758.400
5557	758.400
5646	758.400
5690	758.400
5701	758.400
5702	758.400
5703	758.400
5755	758.400
5762	758.400
5766	758.400
5770	758.400
5793	758.400
5865	758.400
5416	758.500
5424	758.500
5446	758.500
5589	758.500
5593	758.500
5620	758.500
5635	758.500
5644	758.500
5681	758.500
5685	758.500
5698	758.500
5734	758.500
5781	758.500
5790	758.500
5794	758.500
5814	758.500
5818	758.500
5826	758.500
5839	758.500
5854	758.500
5855	758.500
5873	758.500
5399	758.600
5432	758.600
5464	758.600
5467	758.600
5492	758.600
5502	758.600
5510	758.600
5513	758.600
5516	758.600
5533	758.600
5534	758.600
5572	758.600
5583	758.600
5586	758.600
5618	758.600
5630	758.600
5670	758.600
5720	758.600
5732	758.600
5738	758.600
5773	758.600
5805	758.600
5861	758.600
5870	758.600
5408	758.700
5413	758.700
5417	758.700
5441	758.700
5458	758.700
5460	758.700
5466	758.700
5479	758.700
5505	758.700
5519	758.700
5527	758.700
5548	758.700
5549	758.700
5552	758.700
5555	758.700
5559	758.700
5606	758.700
5611	758.700
5615	758.700
5645	758.700
5672	758.700
5689	758.700
5704	758.700
5717	758.700
5737	758.700
5779	758.700
5783	758.700
5787	758.700
5797	758.700
5828	758.700
5831	758.700
5406	758.800
5431	758.800
5438	758.800
5450	758.800
5474	758.800
5475	758.800
5501	758.800
5537	758.800
5539	758.800
5565	758.800
5577	758.800
5592	758.800
5596	758.800
5604	758.800
5607	758.800
5726	758.800
5768	758.800
5769	758.800
5780	758.800
5785	758.800
5789	758.800
5799	758.800
5847	758.800
5393	758.900
5394	758.900
5425	758.900
5439	758.900
5448	758.900
5481	758.900
5529	758.900
5538	758.900
5597	758.900
5602	758.900
5626	758.900
5632	758.900
5660	758.900
5679	758.900
5708	758.900
5744	758.900
5746	758.900
5753	758.900
5757	758.900
5778	758.900
5796	758.900
5856	758.900
5402	759.000
5415	759.000
5463	759.000
5498	759.000
5506	759.000
5528	759.000
5531	759.000
5560	759.000
5595	759.000
5640	759.000
5652	759.000
5668	759.000
5684	759.000
5697	759.000
5724	759.000
5756	759.000
5786	759.000
5788	759.000
5792	759.000
5803	759.000
5821	759.000
5841	759.000
5842	759.000
5864	759.000
5426	759.100
5427	759.100
5452	759.100
5482	759.100
5500	759.100
5504	759.100
5512	759.100
5532	759.100
5550	759.100
5554	759.100
5576	759.100
5594	759.100
5634	759.100
5641	759.100
5648	759.100
5707	759.100
5713	759.100
5733	759.100
5739	759.100
5742	759.100
5748	759.100
5751	759.100
5763	759.100
5795	759.100
5802	759.100
5807	759.100
5808	759.100
5810	759.100
5811	759.100
5817	759.100
5832	759.100
5843	759.100
5846	759.100
5401	759.200
5454	759.200
5476	759.200
5551	759.200
5567	759.200
5610	759.200
5624	759.200
5649	759.200
5777	759.200
5791	759.200
5812	759.200
5845	759.200
5875	759.200
5459	759.300
5517	759.300
5520	759.300
5526	759.300
5546	759.300
5562	759.300
5580	759.300
5710	759.300
5715	759.300
5723	759.300
5740	759.300
5824	759.300
5858	759.300
5872	759.300
5430	759.400
5437	759.400
5447	759.400
5451	759.400
5483	759.400
5493	759.400
5553	759.400
5568	759.400
5571	759.400
5573	759.400
5591	759.400
5599	759.400
5628	759.400
5661	759.400
5678	759.400
5722	759.400
5862	759.400
5863	759.400
5392	759.500
5489	759.500
5665	759.500
5693	759.500
5699	759.500
5716	759.500
5806	759.500
5822	759.500
5853	759.500
5395	759.600
5508	759.600
5514	759.600
5664	759.600
5709	759.600
5813	759.600
5435	759.700
5497	759.700
5687	759.700
5801	759.700
5836	759.700
5851	759.700
5400	759.800
5486	759.800
5587	759.800
5765	759.900
5869	759.900
5544	760.000
5638	760.000
5700	760.000
5714	760.000
5468	760.100
5490	760.100
5605	760.100
5767	760.100
5449	760.300
5711	760.600
5844	760.600
5666	760.700
5631	760.900
5570	761.100
5776	761.200
5745	761.300
5636	761.500
5874	761.500
5507	761.700
5598	761.700
5515	761.900
5443	762.300
5814	762.300
5491	762.400
5499	762.400
5523	762.400
5741	762.500
5792	762.600
5448	762.700
5530	762.800
5651	762.800
5496	775.800
5786	775.800
5866	775.800
5397	775.900
5801	776.100
5501	776.200
5508	776.200
5618	776.300
5629	776.300
5853	776.300
5491	776.400
5550	776.400
5806	776.400
5404	776.500
5560	776.500
5577	776.500
5712	776.500
5778	776.500
5871	776.500
5440	776.600
5559	776.600
5623	776.600
5780	776.600
5503	776.700
5512	776.700
5520	776.700
5551	776.700
5750	776.700
5771	776.700
5835	776.700
5438	776.800
5449	776.800
5569	776.800
5597	776.800
5601	776.800
5682	776.800
5707	776.800
5723	776.800
5831	776.800
5851	776.800
5395	776.900
5435	776.900
5547	776.900
5655	776.900
5741	776.900
5754	776.900
5760	776.900
5798	776.900
5872	776.900
5526	777.000
5528	777.000
5594	777.000
5650	777.000
5688	777.000
5729	777.000
5785	777.000
5814	777.000
5409	777.100
5419	777.100
5464	777.100
5479	777.100
5541	777.100
5553	777.100
5585	777.100
5605	777.100
5744	777.100
5777	777.100
5792	777.100
5836	777.100
5867	777.100
5423	777.200
5441	777.200
5504	777.200
5564	777.200
5595	777.200
5659	777.200
5672	777.200
5680	777.200
5695	777.200
5808	777.200
5813	777.200
5392	777.300
5417	777.300
5442	777.300
5448	777.300
5467	777.300
5470	777.300
5485	777.300
5624	777.300
5637	777.300
5651	777.300
5710	777.300
5713	777.300
5767	777.300
5775	777.300
5784	777.300
5822	777.300
5827	777.300
5833	777.300
5839	777.300
5410	777.400
5414	777.400
5436	777.400
5439	777.400
5468	777.400
5494	777.400
5543	777.400
5546	777.400
5558	777.400
5567	777.400
5616	777.400
5660	777.400
5700	777.400
5730	777.400
5738	777.400
5782	777.400
5819	777.400
5458	777.500
5466	777.500
5478	777.500
5482	777.500
5495	777.500
5499	777.500
5513	777.500
5544	777.500
5593	777.500
5638	777.500
5670	777.500
5795	777.500
5830	777.500
5408	777.600
5424	777.600
5426	777.600
5437	777.600
5451	777.600
5456	777.600
5472	777.600
5524	777.600
5649	777.600
5671	777.600
5693	777.600
5776	777.600
5802	777.600
5870	777.600
5873	777.600
5393	777.700
5405	777.700
5406	777.700
5432	777.700
5477	777.700
5480	777.700
5521	777.700
5522	777.700
5525	777.700
5705	777.700
5719	777.700
5720	777.700
5725	777.700
5735	777.700
5765	777.700
5787	777.700
5400	777.800
5411	777.800
5445	777.800
5454	777.800
5475	777.800
5489	777.800
5490	777.800
5608	777.800
5614	777.800
5626	777.800
5683	777.800
5686	777.800
5714	777.800
5745	777.800
5805	777.800
5412	777.900
5507	777.900
5514	777.900
5573	777.900
5581	777.900
5615	777.900
5631	777.900
5636	777.900
5679	777.900
5726	777.900
5793	777.900
5823	777.900
5850	777.900
5422	778.000
5460	778.000
5462	778.000
5469	778.000
5578	778.000
5598	778.000
5602	778.000
5611	778.000
5625	778.000
5652	778.000
5657	778.000
5663	778.000
5664	778.000
5692	778.000
5701	778.000
5702	778.000
5716	778.000
5721	778.000
5737	778.000
5749	778.000
5766	778.000
5770	778.000
5811	778.000
5815	778.000
5816	778.000
5848	778.000
5864	778.000
5398	778.100
5443	778.100
5457	778.100
5486	778.100
5542	778.100
5562	778.100
5575	778.100
5579	778.100
5600	778.100
5603	778.100
5604	778.100
5630	778.100
5640	778.100
5645	778.100
5646	778.100
5654	778.100
5743	778.100
5747	778.100
5763	778.100
5789	778.100
5796	778.100
5820	778.100
5829	778.100
5855	778.100
5860	778.100
5874	778.100
5876	778.100
5420	778.200
5430	778.200
5434	778.200
5453	778.200
5481	778.200
5516	778.200
5530	778.200
5533	778.200
5535	778.200
5536	778.200
5596	778.200
5599	778.200
5656	778.200
5673	778.200
5691	778.200
5694	778.200
5727	778.200
5742	778.200
5755	778.200
5761	778.200
5844	778.200
5869	778.200
5403	778.300
5446	778.300
5483	778.300
5492	778.300
5500	778.300
5519	778.300
5523	778.300
5537	778.300
5545	778.300
5570	778.300
5589	778.300
5622	778.300
5642	778.300
5644	778.300
5676	778.300
5677	778.300
5696	778.300
5722	778.300
5736	778.300
5758	778.300
5759	778.300
5769	778.300
5807	778.300
5849	778.300
5868	778.300
5416	778.400
5502	778.400
5515	778.400
5518	778.400
5540	778.400
5591	778.400
5613	778.400
5627	778.400
5647	778.400
5661	778.400
5703	778.400
5706	778.400
5748	778.400
5757	778.400
5773	778.400
5838	778.400
5858	778.400
5402	778.500
5407	778.500
5431	778.500
5452	778.500
5484	778.500
5527	778.500
5531	778.500
5532	778.500
5565	778.500
5584	778.500
5612	778.500
5634	778.500
5639	778.500
5641	778.500
5711	778.500
5718	778.500
5724	778.500
5728	778.500
5732	778.500
5740	778.500
5753	778.500
5764	778.500
5788	778.500
5826	778.500
5837	778.500
5863	778.500
5399	778.600
5425	778.600
5471	778.600
5473	778.600
5487	778.600
5488	778.600
5509	778.600
5548	778.600
5557	778.600
5609	778.600
5621	778.600
5658	778.600
5678	778.600
5697	778.600
5731	778.600
5772	778.600
5779	778.600
5781	778.600
5800	778.600
5818	778.600
5832	778.600
5834	778.600
5854	778.600
5856	778.600
5401	778.700
5459	778.700
5463	778.700
5505	778.700
5511	778.700
5517	778.700
5566	778.700
5580	778.700
5583	778.700
5628	778.700
5668	778.700
5669	778.700
5684	778.700
5685	778.700
5689	778.700
5698	778.700
5699	778.700
5708	778.700
5739	778.700
5828	778.700
5857	778.700
5865	778.700
5394	778.800
5396	778.800
5428	778.800
5444	778.800
5455	778.800
5461	778.800
5539	778.800
5620	778.800
5633	778.800
5675	778.800
5687	778.800
5746	778.800
5790	778.800
5803	778.800
5846	778.800
5875	778.800
5415	778.900
5421	778.900
5429	778.900
5450	778.900
5506	778.900
5529	778.900
5534	778.900
5555	778.900
5561	778.900
5587	778.900
5588	778.900
5606	778.900
5635	778.900
5648	778.900
5786	778.900
5861	778.900
5866	778.900
5418	779.000
5493	779.000
5538	779.000
5554	779.000
5556	779.000
5572	779.000
5576	779.000
5590	779.000
5610	779.000
5653	779.000
5662	779.000
5666	779.000
5667	779.000
5690	779.000
5704	779.000
5717	779.000
5734	779.000
5751	779.000
5799	779.000
5804	779.000
5809	779.000
5810	779.000
5812	779.000
5843	779.000
5845	779.000
5862	779.000
5447	779.100
5549	779.100
5574	779.100
5607	779.100
5643	779.100
5674	779.100
5762	779.100
5768	779.100
5783	779.100
5791	779.100
5797	779.100
5824	779.100
5847	779.100
5859	779.100
5568	779.200
5619	779.200
5715	779.200
5752	779.200
5817	779.200
5825	779.200
5842	779.200
5852	779.200
5427	779.300
5465	779.300
5476	779.300
5497	779.300
5498	779.300
5552	779.300
5582	779.300
5592	779.300
5617	779.300
5632	779.300
5733	779.300
5774	779.300
5508	779.400
5571	779.400
5586	779.400
5618	779.400
5821	779.400
5840	779.400
5397	779.500
5496	779.500
5510	779.500
5520	779.500
5681	779.500
5709	779.500
5794	779.500
5841	779.500
5501	779.600
5756	779.600
5778	779.600
5801	779.700
5419	779.900
5479	779.900
5550	779.900
5629	779.900
5806	779.900
5404	780.000
5464	780.000
5474	780.000
5491	780.000
5547	780.000
5559	780.000
5605	780.000
5655	780.000
5712	780.000
5814	780.000
5440	780.100
5594	780.100
5777	780.100
5813	780.100
5831	780.100
5449	780.200
5503	780.200
5623	780.200
5744	780.200
5760	780.200
5853	780.200
5551	780.300
5597	780.300
5795	780.300
5564	781.900
5437	782.000
5438	782.200
5710	782.600
5501	795.300
5780	795.500
5871	795.900
5550	796.400
5594	796.500
5786	796.500
5560	796.600
5525	796.700
5866	796.700
5496	796.800
5494	797.100
5449	797.200
5778	797.200
5551	797.500
5623	797.500
5713	797.500
5438	797.800
5585	797.800
5577	797.900
5579	797.900
5795	797.900
5853	797.900
5435	798.000
5629	798.000
5569	798.100
5798	798.100
5785	798.200
5801	798.200
5835	798.200
5672	798.300
5688	798.300
5618	798.400
5716	798.400
5750	798.400
5848	798.400
5419	798.600
5595	798.600
5806	798.600
5872	798.600
5434	798.700
5601	798.700
5700	798.700
5851	798.700
5440	798.800
5784	798.800
5417	798.900
5451	798.900
5597	798.900
5490	799.000
5520	799.000
5543	799.000
5777	799.000
5637	799.100
5719	799.100
5468	799.200
5491	799.200
5767	799.200
5710	799.300
5720	799.300
5813	799.300
5437	799.400
5470	799.400
5541	799.400
5616	799.400
5638	799.400
5680	799.400
5714	799.400
5481	799.500
5482	799.500
5570	799.500
5605	799.500
5831	799.500
5857	799.500
5441	799.600
5466	799.600
5499	799.600
5593	799.600
5741	799.600
5745	799.600
5765	799.600
5833	799.600
5495	799.700
5516	799.700
5729	799.700
5395	799.800
5439	799.800
5508	799.800
5559	799.800
5651	799.800
5758	799.800
5448	799.900
5503	799.900
5524	799.900
5614	799.900
5636	799.900
5814	799.900
5400	800.000
5409	800.000
5445	800.000
5498	800.000
5556	800.000
5663	800.000
5771	800.000
5477	800.100
5478	800.100
5544	800.100
5562	800.100
5671	800.100
5732	800.100
5736	800.100
5766	800.100
5820	800.100
5404	800.200
5408	800.200
5463	800.200
5512	800.200
5561	800.200
5572	800.200
5723	800.200
5747	800.200
5775	800.200
5836	800.200
5855	800.200
5504	800.300
5507	800.300
5522	800.300
5611	800.300
5625	800.300
5655	800.300
5763	800.300
5827	800.300
5839	800.300
5393	800.400
5467	800.400
5513	800.400
5546	800.400
5547	800.400
5581	800.400
5613	800.400
5624	800.400
5654	800.400
5781	800.400
5859	800.400
5479	800.500
5531	800.500
5553	800.500
5674	800.500
5693	800.500
5712	800.500
5721	800.500
5754	800.500
5761	800.500
5787	800.500
5808	800.500
5850	800.500
5397	800.600
5456	800.600
5464	800.600
5486	800.600
5517	800.600
5526	800.600
5598	800.600
5662	800.600
5666	800.600
5697	800.600
5707	800.600
5717	800.600
5776	800.600
5796	800.600
5873	800.600
5436	800.700
5465	800.700
5469	800.700
5485	800.700
5488	800.700
5514	800.700
5515	800.700
5518	800.700
5530	800.700
5545	800.700
5574	800.700
5640	800.700
5658	800.700
5708	800.700
5755	800.700
5760	800.700
5805	800.700
5819	800.700
5861	800.700
5876	800.700
5396	800.800
5411	800.800
5412	800.800
5424	800.800
5444	800.800
5454	800.800
5484	800.800
5527	800.800
5536	800.800
5539	800.800
5542	800.800
5557	800.800
5563	800.800
5620	800.800
5621	800.800
5646	800.800
5649	800.800
5676	800.800
5679	800.800
5702	800.800
5730	800.800
5737	800.800
5738	800.800
5742	800.800
5794	800.800
5802	800.800
5823	800.800
5844	800.800
5392	800.900
5442	800.900
5460	800.900
5487	800.900
5578	800.900
5602	800.900
5608	800.900
5609	800.900
5633	800.900
5652	800.900
5656	800.900
5659	800.900
5664	800.900
5670	800.900
5701	800.900
5718	800.900
5725	800.900
5727	800.900
5735	800.900
5753	800.900
5769	800.900
5782	800.900
5803	800.900
5821	800.900
5834	800.900
5849	800.900
5403	801.000
5420	801.000
5426	801.000
5432	801.000
5450	801.000
5528	801.000
5532	801.000
5566	801.000
5584	801.000
5645	801.000
5661	801.000
5705	801.000
5706	801.000
5811	801.000
5837	801.000
5843	801.000
5867	801.000
5869	801.000
5398	801.100
5410	801.100
5418	801.100
5443	801.100
5457	801.100
5462	801.100
5472	801.100
5480	801.100
5519	801.100
5523	801.100
5538	801.100
5554	801.100
5555	801.100
5575	801.100
5590	801.100
5600	801.100
5603	801.100
5641	801.100
5685	801.100
5686	801.100
5691	801.100
5698	801.100
5709	801.100
5711	801.100
5752	801.100
5789	801.100
5790	801.100
5792	801.100
5804	801.100
5816	801.100
5822	801.100
5860	801.100
5866	801.100
5874	801.100
5407	801.200
5414	801.200
5422	801.200
5453	801.200
5483	801.200
5501	801.200
5533	801.200
5564	801.200
5573	801.200
5589	801.200
5596	801.200
5604	801.200
5612	801.200
5626	801.200
5632	801.200
5642	801.200
5647	801.200
5687	801.200
5734	801.200
5744	801.200
5772	801.200
5812	801.200
5815	801.200
5406	801.300
5423	801.300
5425	801.300
5427	801.300
5473	801.300
5583	801.300
5599	801.300
5631	801.300
5650	801.300
5668	801.300
5694	801.300
5756	801.300
5786	801.300
5810	801.300
5829	801.300
5830	801.300
5840	801.300
5868	801.300
5870	801.300
5871	801.300
5421	801.400
5475	801.400
5509	801.400
5540	801.400
5615	801.400
5635	801.400
5639	801.400
5648	801.400
5692	801.400
5728	801.400
5731	801.400
5743	801.400
5746	801.400
5768	801.400
5770	801.400
5780	801.400
5825	801.400
5852	801.400
5854	801.400
5862	801.400
5863	801.400
5399	801.500
5455	801.500
5511	801.500
5529	801.500
5537	801.500
5565	801.500
5586	801.500
5591	801.500
5594	801.500
5669	801.500
5673	801.500
5678	801.500
5681	801.500
5683	801.500
5696	801.500
5699	801.500
5726	801.500
5733	801.500
5757	801.500
5759	801.500
5824	801.500
5865	801.500
5394	801.600
5416	801.600
5550	801.600
5568	801.600
5571	801.600
5576	801.600
5619	801.600
5622	801.600
5695	801.600
5722	801.600
5783	801.600
5845	801.600
5401	801.700
5402	801.700
5405	801.700
5449	801.700
5461	801.700
5496	801.700
5505	801.700
5534	801.700
5549	801.700
5588	801.700
5610	801.700
5628	801.700
5643	801.700
5675	801.700
5748	801.700
5762	801.700
5795	801.700
5800	801.700
5826	801.700
5828	801.700
5842	801.700
5846	801.700
5429	801.800
5458	801.800
5471	801.800
5476	801.800
5502	801.800
5521	801.800
5525	801.800
5535	801.800
5551	801.800
5567	801.800
5592	801.800
5617	801.800
5627	801.800
5634	801.800
5653	801.800
5682	801.800
5704	801.800
5739	801.800
5764	801.800
5838	801.800
5856	801.800
5864	801.800
5446	801.900
5489	801.900
5552	801.900
5560	801.900
5630	801.900
5644	801.900
5740	801.900
5773	801.900
5788	801.900
5807	801.900
5809	801.900
5875	801.900
5431	802.000
5435	802.000
5451	802.000
5494	802.000
5510	802.000
5585	802.000
5607	802.000
5660	802.000
5665	802.000
5667	802.000
5778	802.000
5817	802.000
5832	802.000
5841	802.000
5847	802.000
5428	802.100
5434	802.100
5492	802.100
5500	802.100
5548	802.100
5558	802.100
5618	802.100
5672	802.100
5677	802.100
5688	802.100
5689	802.100
5799	802.100
5459	802.200
5474	802.200
5506	802.200
5580	802.200
5582	802.200
5595	802.200
5657	802.200
5684	802.200
5703	802.200
5713	802.200
5724	802.200
5751	802.200
5793	802.200
5835	802.200
5597	802.300
5623	802.300
5629	802.300
5690	802.300
5700	802.300
5801	802.300
5818	802.300
5851	802.300
5853	802.300
5858	802.300
5490	802.400
5543	802.400
5579	802.400
5587	802.400
5606	802.400
5774	802.400
5779	802.400
5438	802.500
5452	802.500
5493	802.500
5497	802.500
5520	802.500
5777	802.500
5797	802.500
5569	802.600
5601	802.600
5637	802.600
5749	802.600
5785	802.600
5813	802.600
5872	802.600
5413	802.700
5417	802.700
5419	802.700
5466	802.700
5482	802.700
5499	802.700
5605	802.700
5716	802.700
5784	802.700
5848	802.700
5447	802.800
5481	802.800
5516	802.800
5715	802.800
5765	802.800
5437	802.900
5439	802.900
5570	803.000
5719	803.100
5524	803.200
5814	804.200
5448	804.300
5745	805.300
5720	805.500
5491	805.800
5638	805.800
