# NEST version: 3.5
# RecordingBackendASCII version: 2
sender	time_ms
13514	0.100
13921	0.100
13847	709.200
13599	709.400
13531	709.500
13688	709.500
13987	709.500
13630	709.600
13717	709.600
13966	709.600
13518	709.700
13537	709.700
13544	709.700
13712	709.700
13888	709.700
13895	709.700
13916	709.700
13985	709.700
13770	709.800
13804	709.800
13858	709.800
13523	709.900
13560	709.900
13577	709.900
13600	709.900
13658	709.900
13676	709.900
13701	709.900
13761	709.900
13785	709.900
13788	709.900
13793	709.900
13822	709.900
13878	709.900
13882	709.900
13929	709.900
13956	709.900
14001	709.900
13492	710.000
13510	710.000
13536	710.000
13552	710.000
13558	710.000
13589	710.000
13611	710.000
13613	710.000
13694	710.000
13702	710.000
13719	710.000
13784	710.000
13794	710.000
13823	710.000
13833	710.000
13846	710.000
13864	710.000
13915	710.000
13922	710.000
13945	710.000
13954	710.000
13976	710.000
13980	710.000
13991	710.000
13490	710.100
13496	710.100
13515	710.100
13554	710.100
13575	710.100
13593	710.100
13597	710.100
13605	710.100
13643	710.100
13645	710.100
13669	710.100
13683	710.100
13685	710.100
13698	710.100
13722	710.100
13729	710.100
13738	710.100
13781	710.100
13789	710.100
13792	710.100
13796	710.100
13797	710.100
13806	710.100
13813	710.100
13818	710.100
13844	710.100
13851	710.100
13853	710.100
13856	710.100
13871	710.100
13892	710.100
13896	710.100
13899	710.100
13919	710.100
13930	710.100
13973	710.100
14009	710.100
14014	710.100
14025	710.100
14027	710.100
14030	710.100
13506	710.200
13525	710.200
13550	710.200
13564	710.200
13569	710.200
13570	710.200
13625	710.200
13631	710.200
13659	710.200
13665	710.200
13680	710.200
13693	710.200
13708	710.200
13732	710.200
13741	710.200
13774	710.200
13775	710.200
13795	710.200
13798	710.200
13811	710.200
13825	710.200
13857	710.200
13910	710.200
13920	710.200
13959	710.200
13960	710.200
13964	710.200
13979	710.200
13981	710.200
13993	710.200
14007	710.200
14010	710.200
14019	710.200
13500	710.300
13508	710.300
13512	710.300
13520	710.300
13548	710.300
13585	710.300
13592	710.300
13594	710.300
13654	710.300
13664	710.300
13678	710.300
13679	710.300
13684	710.300
13692	710.300
13725	710.300
13727	710.300
13748	710.300
13750	710.300
13763	710.300
13787	710.300
13791	710.300
13800	710.300
13821	710.300
13834	710.300
13840	710.300
13859	710.300
13868	710.300
13874	710.300
13927	710.300
13943	710.300
13946	710.300
13950	710.300
13957	710.300
13958	710.300
13974	710.300
14018	710.300
14029	710.300
13528	710.400
13532	710.400
13542	710.400
13568	710.400
13578	710.400
13581	710.400
13584	710.400
13621	710.400
13626	710.400
13636	710.400
13637	710.400
13660	710.400
13671	710.400
13673	710.400
13733	710.400
13736	710.400
13743	710.400
13744	710.400
13745	710.400
13749	710.400
13759	710.400
13766	710.400
13769	710.400
13773	710.400
13778	710.400
13783	710.400
13824	710.400
13830	710.400
13848	710.400
13861	710.400
13862	710.400
13863	710.400
13865	710.400
13877	710.400
13891	710.400
13908	710.400
13932	710.400
13934	710.400
13935	710.400
13942	710.400
13963	710.400
13968	710.400
13995	710.400
13999	710.400
14008	710.400
14028	710.400
14033	710.400
13495	710.500
13505	710.500
13514	710.500
13535	710.500
13538	710.500
13563	710.500
13609	710.500
13614	710.500
13648	710.500
13650	710.500
13656	710.500
13662	710.500
13689	710.500
13696	710.500
13700	710.500
13731	710.500
13737	710.500
13746	710.500
13768	710.500
13801	710.500
13809	710.500
13828	710.500
13860	710.500
13867	710.500
13876	710.500
13886	710.500
13921	710.500
13923	710.500
13978	710.500
14022	710.500
14035	710.500
13489	710.600
13507	710.600
13539	710.600
13541	710.600
13546	710.600
13551	710.600
13567	710.600
13601	710.600
13602	710.600
13620	710.600
13644	710.600
13663	710.600
13695	710.600
13703	710.600
13715	710.600
13838	710.600
13839	710.600
13842	710.600
13893	710.600
13903	710.600
13933	710.600
13938	710.600
13965	710.600
14004	710.600
13530	710.700
13587	710.700
13735	710.700
13986	710.700
13527	710.800
13646	710.800
13682	710.800
13498	710.900
13883	710.900
13677	711.000
13702	712.800
13846	712.800
13888	712.800
14016	712.800
13516	712.900
13785	712.900
13804	712.900
13929	712.900
13991	712.900
13730	713.000
13789	713.000
13874	713.000
13895	713.000
13944	713.000
14023	713.000
13512	713.100
13552	713.100
13564	713.100
13569	713.100
13593	713.100
13607	713.100
13613	713.100
13669	713.100
13681	713.100
13684	713.100
13719	713.100
13722	713.100
13759	713.100
13775	713.100
13784	713.100
13792	713.100
13811	713.100
13824	713.100
13853	713.100
13862	713.100
13915	713.100
13924	713.100
13946	713.100
13959	713.100
13960	713.100
13993	713.100
14025	713.100
13492	713.200
13520	713.200
13537	713.200
13558	713.200
13560	713.200
13575	713.200
13578	713.200
13584	713.200
13608	713.200
13611	713.200
13621	713.200
13630	713.200
13643	713.200
13644	713.200
13659	713.200
13667	713.200
13678	713.200
13693	713.200
13694	713.200
13698	713.200
13766	713.200
13774	713.200
13791	713.200
13818	713.200
13821	713.200
13830	713.200
13840	713.200
13856	713.200
13886	713.200
13908	713.200
13963	713.200
13973	713.200
13976	713.200
13981	713.200
14014	713.200
13505	713.300
13508	713.300
13510	713.300
13515	713.300
13532	713.300
13536	713.300
13538	713.300
13554	713.300
13567	713.300
13592	713.300
13605	713.300
13609	713.300
13625	713.300
13645	713.300
13648	713.300
13650	713.300
13652	713.300
13654	713.300
13663	713.300
13675	713.300
13683	713.300
13695	713.300
13701	713.300
13727	713.300
13737	713.300
13738	713.300
13741	713.300
13742	713.300
13743	713.300
13748	713.300
13763	713.300
13769	713.300
13778	713.300
13783	713.300
13796	713.300
13806	713.300
13833	713.300
13860	713.300
13863	713.300
13871	713.300
13877	713.300
13892	713.300
13910	713.300
13916	713.300
13919	713.300
13920	713.300
13923	713.300
13930	713.300
13957	713.300
13966	713.300
13968	713.300
13974	713.300
13995	713.300
14001	713.300
14004	713.300
14007	713.300
14008	713.300
14009	713.300
14018	713.300
14028	713.300
14035	713.300
13490	713.400
13506	713.400
13507	713.400
13518	713.400
13524	713.400
13528	713.400
13535	713.400
13539	713.400
13542	713.400
13546	713.400
13550	713.400
13551	713.400
13570	713.400
13580	713.400
13597	713.400
13601	713.400
13602	713.400
13614	713.400
13636	713.400
13637	713.400
13640	713.400
13649	713.400
13660	713.400
13662	713.400
13664	713.400
13671	713.400
13676	713.400
13680	713.400
13685	713.400
13689	713.400
13731	713.400
13768	713.400
13773	713.400
13787	713.400
13797	713.400
13798	713.400
13800	713.400
13801	713.400
13823	713.400
13828	713.400
13838	713.400
13839	713.400
13857	713.400
13858	713.400
13859	713.400
13861	713.400
13864	713.400
13865	713.400
13867	713.400
13878	713.400
13934	713.400
13943	713.400
13953	713.400
13954	713.400
13962	713.400
13978	713.400
14019	713.400
14022	713.400
14027	713.400
13489	713.500
13495	713.500
13500	713.500
13514	713.500
13525	713.500
13530	713.500
13541	713.500
13548	713.500
13581	713.500
13587	713.500
13589	713.500
13598	713.500
13620	713.500
13626	713.500
13629	713.500
13656	713.500
13673	713.500
13674	713.500
13696	713.500
13703	713.500
13725	713.500
13733	713.500
13744	713.500
13745	713.500
13746	713.500
13749	713.500
13750	713.500
13761	713.500
13770	713.500
13781	713.500
13794	713.500
13809	713.500
13825	713.500
13831	713.500
13834	713.500
13844	713.500
13848	713.500
13868	713.500
13876	713.500
13891	713.500
13896	713.500
13899	713.500
13902	713.500
13903	713.500
13922	713.500
13932	713.500
13933	713.500
13935	713.500
13950	713.500
13958	713.500
13964	713.500
13996	713.500
13999	713.500
14029	713.500
14030	713.500
14033	713.500
13498	713.600
13527	713.600
13531	713.600
13563	713.600
13568	713.600
13572	713.600
13577	713.600
13594	713.600
13600	713.600
13618	713.600
13624	713.600
13628	713.600
13677	713.600
13692	713.600
13700	713.600
13715	713.600
13728	713.600
13729	713.600
13735	713.600
13736	713.600
13771	713.600
13795	713.600
13813	713.600
13842	713.600
13893	713.600
13914	713.600
13927	713.600
13938	713.600
13942	713.600
13945	713.600
13956	713.600
13965	713.600
13985	713.600
13986	713.600
13992	713.600
14003	713.600
13496	713.700
13529	713.700
13544	713.700
13646	713.700
13708	713.700
13724	713.700
13751	713.700
13772	713.700
13788	713.700
13851	713.700
13855	713.700
13971	713.700
13980	713.700
13989	713.700
13488	713.800
13599	713.800
13647	713.800
13679	713.800
13682	713.800
13709	713.800
13753	713.800
13822	713.800
13906	713.800
13994	713.800
14002	713.800
14010	713.800
13793	713.900
13807	713.900
13852	713.900
13881	713.900
13894	713.900
13904	713.900
13947	713.900
13687	714.000
13756	714.000
13805	714.000
13841	714.000
13883	714.000
13987	714.000
13998	714.000
13497	714.100
13549	714.100
13734	714.100
13762	714.100
13779	714.100
13912	714.100
13941	714.100
13988	714.100
13714	714.200
13847	714.200
13905	714.300
13900	714.500
14031	714.500
14011	714.600
13690	714.700
13817	714.700
13880	714.700
13907	714.700
13503	714.800
13519	714.800
13543	714.800
13622	714.800
13638	714.800
13757	714.800
13882	714.800
13889	714.800
13948	714.800
13494	714.900
13521	714.900
13547	714.900
13579	714.900
13585	714.900
13588	714.900
13699	714.900
13712	714.900
13726	714.900
13898	714.900
13913	714.900
13931	714.900
13936	714.900
13949	714.900
13972	714.900
13975	714.900
13513	715.000
13553	715.000
13557	715.000
13604	715.000
13632	715.000
13635	715.000
13670	715.000
13686	715.000
13706	715.000
13764	715.000
13777	715.000
13826	715.000
13845	715.000
13901	715.000
13909	715.000
13925	715.000
13982	715.000
14026	715.000
13499	715.100
13502	715.100
13522	715.100
13540	715.100
13566	715.100
13571	715.100
13574	715.100
13586	715.100
13596	715.100
13612	715.100
13627	715.100
13642	715.100
13666	715.100
13702	715.100
13752	715.100
13765	715.100
13767	715.100
13814	715.100
13846	715.100
13850	715.100
13888	715.100
13918	715.100
13928	715.100
13969	715.100
13979	715.100
13991	715.100
14013	715.100
14016	715.100
13493	715.200
13504	715.200
13511	715.200
13516	715.200
13517	715.200
13533	715.200
13556	715.200
13559	715.200
13565	715.200
13617	715.200
13634	715.200
13658	715.200
13661	715.200
13688	715.200
13705	715.200
13707	715.200
13720	715.200
13785	715.200
13804	715.200
13815	715.200
13854	715.200
13873	715.200
13911	715.200
13917	715.200
13944	715.200
13990	715.200
13997	715.200
14023	715.200
14024	715.200
14032	715.200
13526	715.300
13555	715.300
13582	715.300
13583	715.300
13591	715.300
13606	715.300
13607	715.300
13633	715.300
13668	715.300
13681	715.300
13684	715.300
13710	715.300
13730	715.300
13759	715.300
13780	715.300
13782	715.300
13789	715.300
13792	715.300
13837	715.300
13874	715.300
13875	715.300
13885	715.300
13895	715.300
13915	715.300
13921	715.300
13929	715.300
13937	715.300
13959	715.300
13970	715.300
13983	715.300
13993	715.300
14020	715.300
14021	715.300
14025	715.300
13512	715.400
13523	715.400
13534	715.400
13537	715.400
13552	715.400
13560	715.400
13564	715.400
13569	715.400
13575	715.400
13590	715.400
13593	715.400
13611	715.400
13613	715.400
13616	715.400
13630	715.400
13639	715.400
13644	715.400
13669	715.400
13694	715.400
13697	715.400
13718	715.400
13719	715.400
13722	715.400
13740	715.400
13758	715.400
13766	715.400
13775	715.400
13810	715.400
13811	715.400
13820	715.400
13824	715.400
13829	715.400
13840	715.400
13853	715.400
13862	715.400
13890	715.400
13908	715.400
13924	715.400
13940	715.400
13946	715.400
13955	715.400
13960	715.400
14005	715.400
14014	715.400
14017	715.400
13520	715.500
13536	715.500
13538	715.500
13558	715.500
13576	715.500
13578	715.500
13584	715.500
13592	715.500
13608	715.500
13621	715.500
13641	715.500
13643	715.500
13648	715.500
13651	715.500
13655	715.500
13657	715.500
13659	715.500
13667	715.500
13672	715.500
13678	715.500
13691	715.500
13693	715.500
13695	715.500
13698	715.500
13723	715.500
13737	715.500
13739	715.500
13741	715.500
13742	715.500
13754	715.500
13760	715.500
13769	715.500
13774	715.500
13776	715.500
13784	715.500
13791	715.500
13799	715.500
13802	715.500
13803	715.500
13806	715.500
13816	715.500
13818	715.500
13821	715.500
13830	715.500
13843	715.500
13869	715.500
13870	715.500
13871	715.500
13877	715.500
13886	715.500
13897	715.500
13916	715.500
13919	715.500
13952	715.500
13963	715.500
13967	715.500
13973	715.500
13976	715.500
13977	715.500
13981	715.500
13984	715.500
14015	715.500
14018	715.500
14028	715.500
13491	715.600
13492	715.600
13501	715.600
13505	715.600
13508	715.600
13510	715.600
13515	715.600
13532	715.600
13551	715.600
13554	715.600
13595	715.600
13602	715.600
13603	715.600
13605	715.600
13609	715.600
13625	715.600
13631	715.600
13640	715.600
13650	715.600
13652	715.600
13654	715.600
13663	715.600
13683	715.600
13701	715.600
13704	715.600
13711	715.600
13713	715.600
13727	715.600
13731	715.600
13738	715.600
13743	715.600
13748	715.600
13755	715.600
13778	715.600
13796	715.600
13833	715.600
13838	715.600
13849	715.600
13856	715.600
13860	715.600
13863	715.600
13884	715.600
13887	715.600
13892	715.600
13910	715.600
13920	715.600
13923	715.600
13930	715.600
13953	715.600
13957	715.600
13966	715.600
13968	715.600
13974	715.600
13995	715.600
14001	715.600
14004	715.600
14007	715.600
14008	715.600
14009	715.600
14035	715.600
13489	715.700
13490	715.700
13506	715.700
13507	715.700
13518	715.700
13528	715.700
13535	715.700
13539	715.700
13567	715.700
13570	715.700
13573	715.700
13580	715.700
13597	715.700
13598	715.700
13601	715.700
13610	715.700
13614	715.700
13620	715.700
13636	715.700
13637	715.700
13645	715.700
13649	715.700
13662	715.700
13665	715.700
13671	715.700
13675	715.700
13676	715.700
13680	715.700
13689	715.700
13733	715.700
13763	715.700
13773	715.700
13787	715.700
13798	715.700
13812	715.700
13819	715.700
13828	715.700
13839	715.700
13857	715.700
13859	715.700
13861	715.700
13864	715.700
13865	715.700
13878	715.700
13934	715.700
13939	715.700
13943	715.700
13954	715.700
13962	715.700
13978	715.700
13996	715.700
13999	715.700
14022	715.700
14027	715.700
14034	715.700
13495	715.800
13514	715.800
13524	715.800
13525	715.800
13530	715.800
13542	715.800
13545	715.800
13546	715.800
13550	715.800
13587	715.800
13589	715.800
13626	715.800
13629	715.800
13656	715.800
13660	715.800
13664	715.800
13673	715.800
13685	715.800
13703	715.800
13745	715.800
13746	715.800
13747	715.800
13749	715.800
13761	715.800
13768	715.800
13770	715.800
13783	715.800
13786	715.800
13797	715.800
13800	715.800
13801	715.800
13809	715.800
13823	715.800
13827	715.800
13834	715.800
13844	715.800
13858	715.800
13866	715.800
13867	715.800
13868	715.800
13872	715.800
13876	715.800
13896	715.800
13899	715.800
13903	715.800
13922	715.800
13933	715.800
13935	715.800
13958	715.800
14006	715.800
14019	715.800
14030	715.800
14033	715.800
13498	715.900
13527	715.900
13531	715.900
13541	715.900
13548	715.900
13577	715.900
13615	715.900
13677	715.900
13692	715.900
13715	715.900
13725	715.900
13732	715.900
13736	715.900
13744	715.900
13750	715.900
13781	715.900
13825	715.900
13831	715.900
13835	715.900
13848	715.900
13891	715.900
13902	715.900
13938	715.900
13961	715.900
14003	715.900
14029	715.900
13563	716.000
13572	716.000
13581	716.000
13624	716.000
13628	716.000
13700	716.000
13728	716.000
13735	716.000
13832	716.000
13855	716.000
13893	716.000
13927	716.000
13942	716.000
13956	716.000
13964	716.000
13980	716.000
13985	716.000
13986	716.000
13992	716.000
13529	716.100
13653	716.100
13724	716.100
13751	716.100
13772	716.100
13496	716.200
13644	718.100
13592	718.200
13759	718.200
13824	718.200
13895	718.200
14025	718.200
13516	718.300
13606	718.300
13681	718.300
13862	718.300
13991	718.300
13993	718.300
13492	718.400
13551	718.400
13560	718.400
13611	718.400
13630	718.400
13640	718.400
13695	718.400
13741	718.400
13785	718.400
13789	718.400
13853	718.400
13871	718.400
13915	718.400
13960	718.400
14023	718.400
13490	718.500
13520	718.500
13552	718.500
13569	718.500
13608	718.500
13659	718.500
13667	718.500
13737	718.500
13830	718.500
13846	718.500
13863	718.500
13877	718.500
13888	718.500
13944	718.500
13966	718.500
14008	718.500
13553	718.600
13596	718.600
13625	718.600
13629	718.600
13648	718.600
13652	718.600
13669	718.600
13684	718.600
13722	718.600
13738	718.600
13766	718.600
13773	718.600
13774	718.600
13784	718.600
13787	718.600
13799	718.600
13838	718.600
13854	718.600
13870	718.600
13916	718.600
13924	718.600
13946	718.600
13959	718.600
13962	718.600
13963	718.600
13974	718.600
13996	718.600
14014	718.600
14016	718.600
14034	718.600
13498	718.700
13517	718.700
13528	718.700
13538	718.700
13575	718.700
13578	718.700
13595	718.700
13598	718.700
13605	718.700
13664	718.700
13665	718.700
13671	718.700
13727	718.700
13755	718.700
13770	718.700
13775	718.700
13806	718.700
13810	718.700
13833	718.700
13839	718.700
13886	718.700
14003	718.700
14004	718.700
13576	718.800
13580	718.800
13597	718.800
13620	718.800
13636	718.800
13651	718.800
13675	718.800
13689	718.800
13693	718.800
13719	718.800
13730	718.800
13733	718.800
13796	718.800
13818	718.800
13864	718.800
13874	718.800
13903	718.800
13908	718.800
13940	718.800
13953	718.800
14018	718.800
13508	718.900
13512	718.900
13584	718.900
13663	718.900
13694	718.900
13778	718.900
13791	718.900
13804	718.900
13857	718.900
13892	718.900
13995	718.900
14022	718.900
13612	719.000
13809	719.000
13923	719.000
13976	719.000
14009	719.000
14033	719.000
13722	725.300
13538	725.500
13694	726.000
13528	726.100
13584	726.400
13576	726.500
13597	726.500
13648	726.500
13552	726.600
13770	726.600
13654	726.800
13667	726.800
13727	726.800
13974	726.800
13664	726.900
13693	726.900
13806	726.900
13818	726.900
13888	726.900
13966	726.900
13996	726.900
13520	727.000
13595	727.000
13976	727.000
13995	727.000
14004	727.000
13560	727.100
13676	727.100
13862	727.100
13651	727.200
13804	727.200
13598	727.300
13640	727.300
13824	727.300
13916	727.300
14008	727.300
14034	727.300
13792	727.400
13928	727.400
13620	727.500
13669	727.500
13738	727.500
13953	727.500
14025	727.600
13662	727.700
13671	727.700
13605	727.900
13763	727.900
13864	728.000
13944	728.000
13644	728.100
13649	728.100
13730	728.200
13875	728.200
13959	728.300
13580	728.400
14030	728.400
13695	728.500
13516	728.600
13629	728.700
13684	728.700
13930	728.700
13991	728.700
13733	728.900
13785	728.900
13870	728.900
13643	729.000
13575	729.100
13578	729.100
13742	729.100
13761	729.100
13769	729.100
13809	729.100
13871	729.100
13507	729.200
13839	729.200
13857	729.200
13886	729.200
13960	729.200
13992	729.200
14014	729.200
13490	729.400
13602	729.400
13735	729.400
13773	729.400
13892	729.400
13922	729.400
13663	729.500
13787	729.500
13791	729.500
13846	729.500
13596	729.600
13719	729.600
13815	729.600
13915	729.600
13838	729.700
13962	729.700
13608	729.900
13675	729.900
13863	729.900
13566	730.100
13999	730.100
13624	730.200
14033	730.300
13592	730.500
13681	730.500
14003	730.600
13748	730.700
13625	730.800
13514	730.900
13685	731.000
13537	731.200
13766	731.200
13969	731.200
13737	731.300
13745	731.300
13847	731.300
13883	731.300
13896	731.300
13551	731.400
13606	731.400
13648	731.400
13654	731.400
13689	731.400
13975	731.400
13560	731.600
13586	731.600
13659	731.600
13676	731.600
13929	731.600
13589	731.700
13630	731.700
13789	731.700
13569	731.800
13584	731.800
14016	731.900
13741	732.000
13861	732.000
13517	732.100
13656	732.100
13736	732.100
13856	732.100
13862	732.300
13552	732.500
13919	732.500
13903	732.600
14025	732.600
13874	732.700
13985	732.700
13744	732.800
13800	732.800
13821	733.000
13801	733.100
13996	733.100
14034	733.100
13506	733.200
13528	733.200
13577	733.200
13580	733.200
13508	733.300
13520	733.300
13880	733.300
13881	733.300
13490	733.400
13626	733.400
13782	733.400
13830	733.500
13855	733.500
14035	733.500
13665	733.600
13714	733.600
13767	733.600
13792	733.600
13853	733.600
13953	733.600
13963	733.600
13981	733.600
14018	733.600
13538	733.700
13759	733.700
13966	733.700
14028	733.700
13489	733.800
13498	733.800
13611	733.800
13733	733.800
13863	733.800
13864	733.800
13887	733.800
13529	733.900
13593	733.900
13693	733.900
13888	733.900
13946	733.900
13544	734.000
13650	734.000
14002	734.000
13527	734.100
13554	734.100
13644	734.100
13702	734.100
13727	734.100
13772	734.100
13773	734.100
13922	734.100
13535	734.200
13597	734.200
13683	734.200
13834	734.200
13910	734.200
14007	734.200
13674	734.300
13700	734.300
14014	734.300
13958	734.500
14030	734.500
13934	734.600
13992	734.600
14004	734.700
13514	734.800
13607	734.800
13602	734.900
13604	734.900
13677	734.900
13742	734.900
13913	734.900
13943	734.900
13592	735.100
13667	735.100
13689	735.100
13932	735.100
13997	735.200
14003	735.200
13516	735.300
13518	735.300
13647	735.300
13600	735.400
13662	735.400
13936	735.400
13608	735.600
13646	735.600
13740	735.600
13824	735.600
13575	735.700
13628	735.700
13649	735.700
13655	735.700
13676	735.700
13974	735.700
13629	735.800
13774	735.800
13862	735.800
13973	735.800
13493	735.900
13654	735.900
13728	735.900
13815	735.900
13870	735.900
13883	735.900
13927	735.900
13846	736.000
13488	736.100
13547	736.100
13584	736.100
13652	736.100
13694	736.100
13735	736.100
13757	736.100
13804	736.100
13861	736.100
13959	736.100
13962	736.100
13969	736.100
13552	736.200
13560	736.200
13578	736.200
13612	736.200
13620	736.200
13663	736.200
13852	736.200
13900	736.200
13989	736.200
13500	736.300
13524	736.300
13656	736.300
13722	736.300
13737	736.300
13810	736.300
13916	736.300
13918	736.300
13975	736.300
13537	736.400
13543	736.400
13625	736.400
13684	736.400
13719	736.400
13730	736.400
13787	736.400
13948	736.400
14008	736.400
13583	736.500
13713	736.500
13769	736.500
13791	736.500
13812	736.500
13925	736.500
14033	736.500
13490	736.600
13582	736.600
13605	736.600
13630	736.600
13648	736.600
13669	736.600
13692	736.600
13706	736.600
13709	736.600
13880	736.600
13892	736.600
13905	736.600
13915	736.600
13953	736.600
13972	736.600
14025	736.600
13521	736.700
13566	736.700
13591	736.700
13661	736.700
13763	736.700
13785	736.700
13789	736.700
13858	736.700
13980	736.700
13999	736.700
14019	736.700
14023	736.700
13534	736.800
13671	736.800
13681	736.800
13686	736.800
13741	736.800
13751	736.800
13753	736.800
13755	736.800
13761	736.800
13778	736.800
13944	736.800
13987	736.800
13503	736.900
13596	736.900
13621	736.900
13675	736.900
13701	736.900
13748	736.900
13771	736.900
13800	736.900
13857	736.900
13929	736.900
13536	737.000
13606	737.000
13624	737.000
13640	737.000
13874	737.000
13881	737.000
13886	737.000
13894	737.000
13903	737.000
13920	737.000
13935	737.000
13947	737.000
13966	737.000
13507	737.100
13564	737.100
13670	737.100
13687	737.100
13908	737.100
13996	737.100
13637	737.200
13912	737.200
13914	737.200
13930	737.200
13968	737.200
13528	737.300
13580	737.300
13585	737.300
13772	737.300
13784	737.300
13805	737.300
13829	737.300
13847	737.300
13888	737.300
13919	737.300
13924	737.300
13977	737.300
13991	737.300
13535	737.400
13549	737.400
13599	737.400
13699	737.400
14007	737.400
13644	737.500
13664	737.500
13685	737.500
13811	737.500
13850	737.500
13856	737.500
13554	737.600
13586	737.600
13775	737.600
13887	737.600
13889	737.600
14035	737.600
13588	737.700
13744	737.700
13821	737.700
13875	737.700
13626	737.800
13658	737.800
13733	737.800
13993	737.800
14014	737.800
13513	737.900
13527	737.900
13893	737.900
13516	738.000
13539	738.000
13598	738.000
13697	738.000
13898	738.000
13899	738.000
13904	738.000
13979	738.000
13731	738.100
13611	738.200
13828	738.200
13933	738.200
13574	738.300
13659	738.300
13773	738.300
13958	738.300
13514	738.400
13695	738.400
13742	738.400
14016	738.400
13495	738.500
14010	738.500
13504	738.600
13841	738.600
13863	738.600
13986	738.600
14003	738.600
13646	738.700
13855	738.700
13891	738.700
13896	738.700
14018	738.700
13604	738.800
13693	738.800
13839	738.800
13995	738.800
13498	738.900
13522	738.900
14028	738.900
13557	739.000
13597	739.000
13622	739.000
13632	739.000
13594	739.100
13934	739.100
13530	739.200
13724	739.200
13877	739.300
13981	739.300
13520	739.400
13652	739.500
13845	739.500
14008	739.500
13617	739.700
14002	740.200
13544	741.200
13712	742.000
13915	742.200
13789	742.900
13942	742.900
13765	743.000
13592	743.400
13667	743.600
13796	743.600
13895	743.600
13992	743.700
13531	743.800
13654	743.800
13791	743.800
13868	743.900
13658	744.000
13785	744.000
13824	744.000
13871	744.000
13919	744.000
13662	744.100
13766	744.100
13771	744.100
13794	744.100
13809	744.100
13844	744.100
13892	744.100
13995	744.100
13525	744.200
13735	744.200
13764	744.200
13781	744.200
13800	744.200
13846	744.200
13853	744.200
13864	744.200
13935	744.200
13946	744.200
14032	744.200
13488	744.300
13503	744.300
13520	744.300
13584	744.300
13689	744.300
13693	744.300
13727	744.300
13730	744.300
13734	744.300
13750	744.300
13759	744.300
13907	744.300
14025	744.300
13513	744.400
13537	744.400
13552	744.400
13575	744.400
13587	744.400
13589	744.400
13599	744.400
13622	744.400
13664	744.400
13671	744.400
13680	744.400
13722	744.400
13744	744.400
13745	744.400
13816	744.400
13862	744.400
13870	744.400
13883	744.400
13931	744.400
13936	744.400
13954	744.400
13976	744.400
13978	744.400
13490	744.500
13526	744.500
13528	744.500
13535	744.500
13553	744.500
13570	744.500
13602	744.500
13620	744.500
13621	744.500
13632	744.500
13650	744.500
13656	744.500
13659	744.500
13677	744.500
13779	744.500
13818	744.500
13821	744.500
13834	744.500
13847	744.500
13859	744.500
13874	744.500
13912	744.500
13958	744.500
13971	744.500
14002	744.500
14009	744.500
14013	744.500
14016	744.500
14021	744.500
14034	744.500
13510	744.600
13514	744.600
13539	744.600
13554	744.600
13558	744.600
13560	744.600
13569	744.600
13574	744.600
13580	744.600
13596	744.600
13597	744.600
13611	744.600
13630	744.600
13683	744.600
13684	744.600
13698	744.600
13703	744.600
13710	744.600
13728	744.600
13748	744.600
13773	744.600
13774	744.600
13855	744.600
13863	744.600
13867	744.600
13881	744.600
13888	744.600
13896	744.600
13900	744.600
13916	744.600
13933	744.600
14018	744.600
14035	744.600
13533	744.700
13538	744.700
13542	744.700
13564	744.700
13582	744.700
13613	744.700
13625	744.700
13631	744.700
13644	744.700
13678	744.700
13688	744.700
13694	744.700
13701	744.700
13709	744.700
13714	744.700
13772	744.700
13777	744.700
13784	744.700
13803	744.700
13822	744.700
13833	744.700
13837	744.700
13839	744.700
13886	744.700
13913	744.700
13924	744.700
13944	744.700
13950	744.700
13962	744.700
13967	744.700
13981	744.700
13991	744.700
14008	744.700
14014	744.700
14019	744.700
13493	744.800
13518	744.800
13530	744.800
13594	744.800
13629	744.800
13648	744.800
13649	744.800
13695	744.800
13696	744.800
13741	744.800
13792	744.800
13793	744.800
13804	744.800
13806	744.800
13811	744.800
13838	744.800
13891	744.800
13925	744.800
13934	744.800
13938	744.800
13948	744.800
13955	744.800
13959	744.800
13960	744.800
13966	744.800
13972	744.800
13989	744.800
13999	744.800
14007	744.800
14030	744.800
13489	744.900
13521	744.900
13524	744.900
13527	744.900
13604	744.900
13609	744.900
13646	744.900
13669	744.900
13681	744.900
13685	744.900
13702	744.900
13733	744.900
13737	744.900
13769	744.900
13840	744.900
13861	744.900
13922	744.900
13985	744.900
13987	744.900
13505	745.000
13512	745.000
13516	745.000
13544	745.000
13616	745.000
13634	745.000
13706	745.000
13724	745.000
13731	745.000
13841	745.000
13845	745.000
13856	745.000
13905	745.000
13914	745.000
13923	745.000
13928	745.000
13965	745.000
14028	745.000
14031	745.000
13607	745.100
13699	745.100
13757	745.100
13801	745.100
13878	745.100
13889	745.100
14004	745.100
13498	745.200
13612	745.200
13997	745.200
13687	745.300
14011	745.300
13751	745.400
13742	746.200
14003	746.500
13578	746.700
13635	746.800
13654	746.800
13719	746.800
13903	746.800
13499	746.900
13915	746.900
13974	746.900
13529	747.000
13592	747.000
13608	747.000
13624	747.000
13640	747.000
13642	747.000
13738	747.000
13759	747.000
13844	747.000
13931	747.000
13996	747.000
14033	747.000
13520	747.100
13522	747.100
13531	747.100
13664	747.100
13675	747.100
13689	747.100
13791	747.100
13818	747.100
13824	747.100
13828	747.100
13846	747.100
13862	747.100
13888	747.100
13935	747.100
13995	747.100
14010	747.100
14023	747.100
14025	747.100
14034	747.100
13503	747.200
13525	747.200
13536	747.200
13537	747.200
13547	747.200
13553	747.200
13558	747.200
13560	747.200
13580	747.200
13584	747.200
13596	747.200
13611	747.200
13647	747.200
13652	747.200
13659	747.200
13734	747.200
13735	747.200
13764	747.200
13779	747.200
13852	747.200
13874	747.200
13883	747.200
13894	747.200
13919	747.200
13946	747.200
13968	747.200
13973	747.200
14002	747.200
13504	747.300
13510	747.300
13513	747.300
13514	747.300
13538	747.300
13554	747.300
13569	747.300
13600	747.300
13602	747.300
13617	747.300
13630	747.300
13632	747.300
13644	747.300
13656	747.300
13671	747.300
13684	747.300
13695	747.300
13701	747.300
13703	747.300
13710	747.300
13722	747.300
13728	747.300
13730	747.300
13745	747.300
13771	747.300
13785	747.300
13855	747.300
13863	747.300
13877	747.300
13892	747.300
13936	747.300
13944	747.300
13947	747.300
13953	747.300
13971	747.300
13978	747.300
13986	747.300
14001	747.300
14014	747.300
14016	747.300
14018	747.300
13488	747.400
13495	747.400
13526	747.400
13530	747.400
13535	747.400
13570	747.400
13575	747.400
13585	747.400
13588	747.400
13598	747.400
13599	747.400
13620	747.400
13622	747.400
13629	747.400
13650	747.400
13663	747.400
13667	747.400
13670	747.400
13677	747.400
13678	747.400
13680	747.400
13688	747.400
13694	747.400
13737	747.400
13744	747.400
13748	747.400
13753	747.400
13781	747.400
13784	747.400
13794	747.400
13804	747.400
13809	747.400
13833	747.400
13834	747.400
13839	747.400
13850	747.400
13853	747.400
13859	747.400
13875	747.400
13895	747.400
13900	747.400
13913	747.400
13916	747.400
13933	747.400
13940	747.400
13954	747.400
13959	747.400
13962	747.400
13981	747.400
13991	747.400
14008	747.400
14009	747.400
14032	747.400
14035	747.400
13506	747.500
13508	747.500
13516	747.500
13524	747.500
13528	747.500
13539	747.500
13552	747.500
13564	747.500
13582	747.500
13589	747.500
13594	747.500
13597	747.500
13609	747.500
13618	747.500
13621	747.500
13646	747.500
13648	747.500
13669	747.500
13676	747.500
13683	747.500
13693	747.500
13696	747.500
13702	747.500
13709	747.500
13714	747.500
13733	747.500
13741	747.500
13750	747.500
13752	747.500
13766	747.500
13772	747.500
13773	747.500
13800	747.500
13806	747.500
13811	747.500
13821	747.500
13822	747.500
13830	747.500
13837	747.500
13838	747.500
13847	747.500
13857	747.500
13881	747.500
13886	747.500
13896	747.500
13901	747.500
13912	747.500
13920	747.500
13922	747.500
13927	747.500
13929	747.500
13934	747.500
13948	747.500
13950	747.500
13955	747.500
13960	747.500
13967	747.500
13975	747.500
13980	747.500
13987	747.500
13989	747.500
14007	747.500
14013	747.500
14021	747.500
14030	747.500
13505	747.600
13507	747.600
13527	747.600
13532	747.600
13543	747.600
13544	747.600
13574	747.600
13593	747.600
13604	747.600
13625	747.600
13700	747.600
13724	747.600
13727	747.600
13731	747.600
13765	747.600
13769	747.600
13774	747.600
13775	747.600
13777	747.600
13782	747.600
13793	747.600
13841	747.600
13856	747.600
13864	747.600
13867	747.600
13870	747.600
13880	747.600
13885	747.600
13904	747.600
13907	747.600
13924	747.600
13938	747.600
13958	747.600
13976	747.600
13977	747.600
13985	747.600
13992	747.600
13999	747.600
14004	747.600
14028	747.600
14031	747.600
13512	747.700
13534	747.700
13542	747.700
13587	747.700
13607	747.700
13614	747.700
13626	747.700
13634	747.700
13643	747.700
13697	747.700
13792	747.700
13796	747.700
13807	747.700
13810	747.700
13826	747.700
13845	747.700
13861	747.700
13871	747.700
13902	747.700
13914	747.700
13925	747.700
13930	747.700
13943	747.700
13965	747.700
13972	747.700
14022	747.700
13498	747.800
13533	747.800
13568	747.800
13628	747.800
13631	747.800
13649	747.800
13661	747.800
13685	747.800
13706	747.800
13799	747.800
13801	747.800
13816	747.800
13891	747.800
13928	747.800
13966	747.800
14019	747.800
13690	747.900
13692	747.900
13963	747.900
13993	747.900
13751	748.000
13805	748.000
13858	748.000
13997	748.000
13592	750.000
13584	750.100
13824	750.300
13995	750.300
13991	750.400
13537	750.500
13596	750.500
13654	750.500
13667	750.500
13759	750.500
13916	750.500
13962	750.500
13980	750.500
13560	750.600
13688	750.600
13847	750.600
13659	750.700
13735	750.700
13806	750.700
13912	750.700
13959	750.700
14008	750.700
14016	750.700
13535	750.900
13617	750.900
13671	750.900
13728	750.900
13531	751.000
13652	751.000
13853	751.000
13886	751.000
13900	751.000
13488	751.100
13689	751.100
13968	751.100
13892	751.200
13948	751.200
14030	751.200
13915	751.600
13966	753.200
13992	753.200
13888	753.400
13794	754.500
14025	754.600
13516	755.000
13987	755.000
13950	755.200
13552	755.300
13774	755.400
13960	755.400
13503	755.600
13828	755.600
13922	755.600
13846	755.700
13895	755.900
14031	756.000
13874	756.100
13564	756.200
13580	756.200
13684	756.300
13537	756.400
13528	756.500
13669	756.600
13643	756.900
14018	756.900
14021	756.900
13719	757.000
13883	757.000
13618	757.100
13919	757.100
13575	757.200
13741	757.200
13781	757.200
13958	757.200
13733	757.300
14004	757.300
13538	757.400
13771	757.400
13862	757.400
13913	757.400
13675	757.600
13793	757.600
13824	757.600
13871	757.600
13902	757.700
13624	757.800
13688	757.800
13804	757.800
13809	757.800
13560	757.900
13683	757.900
13585	758.000
13821	758.000
14016	758.000
13864	758.100
13996	758.200
13514	758.300
13863	758.300
13535	758.400
13656	758.400
13714	758.400
13881	758.400
14007	758.400
13625	758.500
13640	758.500
13894	758.500
13933	758.500
13644	758.600
13818	758.700
13584	758.800
13662	758.800
13968	758.800
13695	758.900
13592	759.000
13730	759.000
13769	759.200
13903	759.200
13604	759.300
13737	759.300
13999	759.300
14014	759.300
13648	759.400
13856	759.400
13782	759.500
13800	759.500
13855	759.500
14028	759.600
13735	759.700
13792	759.700
13811	759.700
13896	759.700
13925	759.700
14010	759.700
14019	759.700
13670	759.800
13791	759.800
13525	759.900
13886	759.900
13888	759.900
13924	759.900
13935	760.000
13976	760.000
13626	760.100
13649	760.100
13817	760.100
13875	760.100
13522	760.200
13600	760.200
13602	760.200
13748	760.200
13750	760.200
13801	760.200
13806	760.200
13929	760.200
13985	760.200
13677	760.300
13696	760.300
13722	760.300
13744	760.300
13861	760.300
13916	760.300
13920	760.300
13950	760.300
13975	760.300
13995	760.300
14008	760.300
13508	760.400
13631	760.400
13859	760.400
13944	760.400
13972	760.400
13667	760.500
13680	760.500
14002	760.500
13558	760.600
13700	760.600
13727	760.600
13774	760.600
13853	760.600
13954	760.600
13966	760.600
13516	760.700
13594	760.700
13614	760.700
13642	760.700
13659	760.700
13689	760.700
13753	760.700
13759	760.700
13773	760.700
13870	760.700
13874	760.700
13900	760.700
14033	760.700
14035	760.700
13498	760.800
13507	760.800
13520	760.800
13530	760.800
13552	760.800
13593	760.800
13608	760.800
13646	760.800
13663	760.800
13685	760.800
13846	760.800
13880	760.800
13892	760.800
13946	760.800
13955	760.800
13974	760.800
14003	760.800
13528	760.900
13542	760.900
13589	760.900
13678	760.900
13702	760.900
13724	760.900
13772	760.900
13824	760.900
13913	760.900
13936	760.900
13986	760.900
13987	760.900
13510	761.000
13524	761.000
13549	761.000
13607	761.000
13655	761.000
13692	761.000
13693	761.000
13733	761.000
13734	761.000
13794	761.000
13850	761.000
13857	761.000
13862	761.000
13868	761.000
13915	761.000
13930	761.000
13934	761.000
13973	761.000
13527	761.100
13533	761.100
13611	761.100
13620	761.100
13690	761.100
13701	761.100
13706	761.100
13805	761.100
13816	761.100
13889	761.100
13914	761.100
13919	761.100
13922	761.100
13947	761.100
13959	761.100
13965	761.100
13991	761.100
14030	761.100
13488	761.200
13513	761.200
13654	761.200
13864	761.200
13928	761.200
13978	761.200
14018	761.200
13506	761.300
13537	761.300
13539	761.300
13544	761.300
13553	761.300
13560	761.300
13578	761.300
13582	761.300
13617	761.300
13630	761.300
13638	761.300
13671	761.300
13708	761.300
13714	761.300
13728	761.300
13738	761.300
13885	761.300
13912	761.300
13948	761.300
13980	761.300
14032	761.300
13505	761.400
13526	761.400
13532	761.400
13535	761.400
13538	761.400
13629	761.400
13676	761.400
13681	761.400
13779	761.400
13911	761.400
13953	761.400
13503	761.500
13531	761.500
13536	761.500
13570	761.500
13622	761.500
13624	761.500
13628	761.500
13712	761.500
13741	761.500
13751	761.500
13766	761.500
13828	761.500
13830	761.500
13833	761.500
13834	761.500
13838	761.500
13852	761.500
13863	761.500
13891	761.500
13909	761.500
13996	761.500
14007	761.500
14025	761.500
13495	761.600
13543	761.600
13574	761.600
13575	761.600
13580	761.600
13618	761.600
13621	761.600
13675	761.600
13719	761.600
13809	761.600
13821	761.600
13871	761.600
13877	761.600
13904	761.600
13905	761.600
13942	761.600
13962	761.600
13989	761.600
14004	761.600
13504	761.700
13584	761.700
13596	761.700
13597	761.700
13632	761.700
13709	761.700
13765	761.700
13785	761.700
13793	761.700
13810	761.700
13883	761.700
13907	761.700
13964	761.700
13981	761.700
13512	761.800
13592	761.800
13644	761.800
13710	761.800
13730	761.800
13742	761.800
13764	761.800
13789	761.800
13841	761.800
13867	761.800
13958	761.800
14021	761.800
13493	761.900
13577	761.900
13609	761.900
13640	761.900
13684	761.900
13804	761.900
13826	761.900
13901	761.900
13938	761.900
13997	761.900
14016	761.900
13499	762.000
13731	762.000
13769	762.000
13775	762.000
13840	762.000
13844	762.000
13956	762.000
13489	762.100
13550	762.100
13899	762.100
13902	762.100
13529	762.200
13588	762.200
13613	762.200
13625	762.200
13683	762.200
13992	762.200
13514	762.300
13648	762.300
13669	762.300
13687	762.300
13737	762.300
13745	762.300
13752	762.300
13564	762.400
13585	762.400
13612	762.400
13703	762.400
13771	762.400
13971	762.400
14022	762.400
13534	762.500
13568	762.500
13770	762.500
13796	762.500
13807	762.500
13847	762.500
13931	762.500
13501	762.600
13604	762.600
13662	762.600
13695	762.600
13925	762.600
13960	762.600
14009	762.600
13554	762.700
13569	762.700
13768	762.700
13854	762.700
13855	762.700
13886	762.700
13888	762.700
13969	762.700
14023	762.700
14028	762.700
13494	762.800
13599	762.800
13635	762.800
13647	762.800
13652	762.800
13656	762.800
13658	762.800
13686	762.800
13688	762.800
13739	762.800
13792	762.800
13943	762.800
13999	762.800
13634	762.900
13664	762.900
13674	762.900
13740	762.900
13761	762.900
13781	762.900
13806	762.900
13842	762.900
13858	762.900
13878	762.900
13894	762.900
13895	762.900
13903	762.900
13923	762.900
13933	762.900
13935	762.900
13975	762.900
13988	762.900
13993	762.900
13995	762.900
14001	762.900
14008	762.900
14014	762.900
13559	763.000
13591	763.000
13661	763.000
13667	763.000
13668	763.000
13694	763.000
13755	763.000
13767	763.000
13782	763.000
13784	763.000
13799	763.000
13811	763.000
13875	763.000
13881	763.000
13916	763.000
14010	763.000
14013	763.000
14031	763.000
13508	763.100
13551	763.100
13583	763.100
13603	763.100
13642	763.100
13643	763.100
13673	763.100
13759	763.100
13777	763.100
13791	763.100
13815	763.100
13837	763.100
13856	763.100
13896	763.100
13963	763.100
13966	763.100
13983	763.100
14002	763.100
14019	763.100
14027	763.100
14034	763.100
13516	763.200
13519	763.200
13523	763.200
13525	763.200
13558	763.200
13565	763.200
13572	763.200
13586	763.200
13587	763.200
13598	763.200
13600	763.200
13605	763.200
13649	763.200
13650	763.200
13653	763.200
13677	763.200
13680	763.200
13682	763.200
13699	763.200
13722	763.200
13726	763.200
13727	763.200
13735	763.200
13753	763.200
13763	763.200
13774	763.200
13788	763.200
13831	763.200
13839	763.200
13853	763.200
13873	763.200
13874	763.200
13887	763.200
13927	763.200
13929	763.200
13932	763.200
13944	763.200
13950	763.200
13968	763.200
13970	763.200
13974	763.200
13985	763.200
13994	763.200
14026	763.200
13497	763.300
13498	763.300
13515	763.300
13517	763.300
13522	763.300
13530	763.300
13552	763.300
13556	763.300
13571	763.300
13594	763.300
13602	763.300
13606	763.300
13607	763.300
13614	763.300
13646	763.300
13663	763.300
13670	763.300
13672	763.300
13685	763.300
13689	763.300
13696	763.300
13697	763.300
13700	763.300
13707	763.300
13715	763.300
13724	763.300
13744	763.300
13746	763.300
13750	763.300
13756	763.300
13773	763.300
13800	763.300
13801	763.300
13824	763.300
13829	763.300
13846	763.300
13859	763.300
13870	763.300
13917	763.300
13918	763.300
13987	763.300
14033	763.300
13510	763.400
13518	763.400
13520	763.400
13528	763.400
13547	763.400
13548	763.400
13581	763.400
13595	763.400
13608	763.400
13626	763.400
13651	763.400
13655	763.400
13733	763.400
13748	763.400
13772	763.400
13803	763.400
13817	763.400
13845	763.400
13865	763.400
13880	763.400
13882	763.400
13892	763.400
13900	763.400
13908	763.400
13913	763.400
13954	763.400
13955	763.400
13957	763.400
13967	763.400
13973	763.400
13976	763.400
13986	763.400
14003	763.400
14011	763.400
14035	763.400
13492	763.500
13500	763.500
13524	763.500
13527	763.500
13549	763.500
13579	763.500
13645	763.500
13659	763.500
13690	763.500
13692	763.500
13702	763.500
13705	763.500
13718	763.500
13757	763.500
13758	763.500
13805	763.500
13818	763.500
13850	763.500
13857	763.500
13868	763.500
13890	763.500
13906	763.500
13915	763.500
13924	763.500
13928	763.500
13934	763.500
13940	763.500
13941	763.500
13946	763.500
13947	763.500
13959	763.500
13977	763.500
13991	763.500
14020	763.500
13488	763.600
13490	763.600
13491	763.600
13513	763.600
13542	763.600
13555	763.600
13560	763.600
13566	763.600
13567	763.600
13589	763.600
13590	763.600
13601	763.600
13620	763.600
13636	763.600
13678	763.600
13706	763.600
13778	763.600
13798	763.600
13869	763.600
13889	763.600
13919	763.600
13930	763.600
13972	763.600
13980	763.600
14018	763.600
14024	763.600
13521	763.700
13698	763.700
13704	763.700
13729	763.700
13794	763.700
13864	763.700
13876	763.700
13912	763.700
13914	763.700
13922	763.700
13978	763.700
14005	763.700
13537	763.800
13578	763.800
13637	763.800
13638	763.800
13671	763.800
13780	763.800
13787	763.800
13814	763.800
13822	763.800
13851	763.800
13861	763.800
13862	763.800
13893	763.800
13982	763.800
14017	763.800
13506	763.900
13507	763.900
13553	763.900
13611	763.900
13617	763.900
13624	763.900
13629	763.900
13654	763.900
13681	763.900
13720	763.900
13827	763.900
13532	764.000
13539	764.000
13622	764.000
13630	764.000
13751	764.000
13834	764.000
13996	764.000
14025	764.000
13496	764.100
13503	764.100
13538	764.100
14007	764.100
14032	764.100
13701	764.200
13948	764.200
14004	765.800
13930	768.600
13966	768.600
13991	768.900
13644	769.100
13895	769.200
13870	769.400
13492	769.500
13741	769.700
13915	769.800
13976	769.900
13537	770.000
13821	770.000
13900	770.000
13560	770.300
13822	770.400
13987	770.500
13544	770.800
13578	770.800
13557	770.900
13611	770.900
13846	771.100
13592	771.200
13931	771.400
13722	771.500
13834	771.600
13748	771.700
13489	771.800
13782	771.800
13864	771.900
13694	772.000
13999	772.000
13553	772.100
13535	772.300
14026	772.400
13769	772.600
13791	773.100
13827	773.100
13506	773.200
13709	773.200
13671	773.300
13525	773.400
13868	773.400
13913	773.400
13996	773.500
14018	773.600
14004	773.700
13528	773.800
13948	773.800
13598	773.900
14016	773.900
13815	774.100
13959	774.100
13871	774.300
13655	774.400
13963	774.400
14010	774.500
13503	774.600
13600	774.600
13531	774.700
13630	774.700
13575	774.800
13680	774.900
13995	774.900
13758	775.100
14003	775.100
13510	775.200
13605	775.300
13583	775.400
13882	775.400
13914	775.400
13685	775.500
13700	775.500
13912	775.600
13645	775.700
13767	775.700
13554	775.900
13904	776.100
14030	776.100
13659	776.200
13663	776.200
13881	776.200
13956	776.200
13774	776.300
13689	776.400
13874	776.400
14013	776.400
13929	776.600
13919	776.700
13715	776.900
13678	777.000
13727	777.000
13719	777.100
13828	777.100
13845	777.100
13519	777.200
13712	777.200
13853	777.200
13888	777.200
13684	777.300
13966	777.300
13611	777.400
13704	777.400
13753	777.400
13806	777.400
13584	777.500
13821	777.500
13702	777.600
13735	777.600
13862	777.600
13930	777.600
13950	777.700
13759	777.800
13980	777.800
13733	777.900
13834	777.900
13922	777.900
13967	777.900
13973	777.900
13520	778.000
13785	778.000
13572	778.100
13599	778.100
13654	778.100
13516	778.200
13626	778.200
13662	778.200
14035	778.200
13648	778.300
13892	778.300
13905	778.300
14008	778.300
13535	778.400
13861	778.400
13886	778.400
13978	778.400
13985	778.400
13508	778.500
13644	778.500
13769	778.500
13916	778.500
13620	778.600
13643	778.600
13676	778.600
13714	778.600
13773	778.600
14002	778.600
13618	778.700
13629	778.700
13928	778.800
13751	779.000
13770	779.000
13749	779.100
13915	779.100
13493	779.200
13624	779.200
13991	779.200
13592	779.300
13693	779.300
13772	779.300
13871	779.300
13891	779.300
13995	779.300
13578	779.400
13585	779.400
13742	779.400
13763	779.400
13791	779.400
13513	779.500
13549	779.500
13632	779.500
13669	779.500
13722	779.500
13846	779.500
13920	779.500
13946	779.500
13993	779.500
13526	779.600
13597	779.600
13878	779.600
13972	779.600
13696	779.700
13734	779.700
13757	779.700
14025	779.700
13560	779.800
13565	779.800
13630	779.800
13675	779.800
13685	779.800
13739	779.800
13741	779.800
13841	779.800
13913	779.800
13934	779.800
13981	779.800
13552	779.900
13775	779.900
13794	779.900
13810	779.900
13932	779.900
13936	779.900
13944	779.900
13992	779.900
13504	780.000
13528	780.000
13530	780.000
13538	780.000
13575	780.000
13582	780.000
13703	780.000
13800	780.000
13824	780.000
13943	780.000
13488	780.100
13507	780.100
13600	780.100
13606	780.100
13690	780.100
13700	780.100
13728	780.100
13737	780.100
13838	780.100
13857	780.100
13873	780.100
13902	780.100
14004	780.100
14018	780.100
13505	780.200
13521	780.200
13568	780.200
13677	780.200
13681	780.200
13686	780.200
13798	780.200
13822	780.200
13877	780.200
13974	780.200
13975	780.200
13976	780.200
14010	780.200
14016	780.200
13567	780.300
13621	780.300
13634	780.300
13652	780.300
13667	780.300
13683	780.300
13692	780.300
13706	780.300
13708	780.300
13730	780.300
13814	780.300
13852	780.300
13854	780.300
13900	780.300
13918	780.300
13524	780.400
13539	780.400
13602	780.400
13608	780.400
13617	780.400
13649	780.400
13809	780.400
13842	780.400
13844	780.400
13870	780.400
13931	780.400
13935	780.400
13942	780.400
13968	780.400
13986	780.400
13994	780.400
14028	780.400
14030	780.400
13498	780.500
13589	780.500
13593	780.500
13594	780.500
13612	780.500
13628	780.500
13638	780.500
13684	780.500
13689	780.500
13748	780.500
13750	780.500
13782	780.500
13787	780.500
13792	780.500
13830	780.500
13863	780.500
13874	780.500
13894	780.500
13924	780.500
13999	780.500
14007	780.500
14017	780.500
13514	780.600
13517	780.600
13518	780.600
13537	780.600
13604	780.600
13674	780.600
13687	780.600
13695	780.600
13776	780.600
13856	780.600
13864	780.600
13880	780.600
13888	780.600
13914	780.600
13962	780.600
13989	780.600
13491	780.700
13533	780.700
13562	780.700
13571	780.700
13601	780.700
13609	780.700
13701	780.700
13793	780.700
13796	780.700
13804	780.700
13817	780.700
13882	780.700
13897	780.700
13903	780.700
13904	780.700
13938	780.700
13490	780.800
13492	780.800
13516	780.800
13525	780.800
13550	780.800
13551	780.800
13556	780.800
13580	780.800
13595	780.800
13625	780.800
13640	780.800
13647	780.800
13663	780.800
13726	780.800
13766	780.800
13850	780.800
13862	780.800
13881	780.800
13911	780.800
13929	780.800
13966	780.800
14003	780.800
14023	780.800
13512	780.900
13532	780.900
13646	780.900
13733	780.900
13771	780.900
13780	780.900
13834	780.900
13847	780.900
13868	780.900
13941	780.900
13947	780.900
13950	780.900
14019	780.900
14024	780.900
14032	780.900
13515	781.000
13523	781.000
13527	781.000
13529	781.000
13540	781.000
13554	781.000
13584	781.000
13607	781.000
13781	781.000
13825	781.000
13890	781.000
13948	781.000
13953	781.000
13987	781.000
14005	781.000
13510	781.100
13579	781.100
13586	781.100
13661	781.100
13699	781.100
13702	781.100
13715	781.100
13740	781.100
13769	781.100
13855	781.100
13883	781.100
13925	781.100
14014	781.100
14033	781.100
13644	781.200
13670	781.200
13724	781.200
13735	781.200
13753	781.200
13826	781.200
13836	781.200
13840	781.200
14008	781.200
13564	781.300
13566	781.300
13655	781.300
13779	781.300
13789	781.300
13811	781.300
13858	781.300
13973	781.300
13978	781.300
13979	781.300
13996	781.300
14031	781.300
13536	781.400
13671	781.400
13745	781.400
13980	781.400
13499	781.500
13520	781.500
13736	781.500
13738	781.500
13761	781.500
13916	781.500
13933	781.500
13508	781.600
13622	781.600
13648	781.600
13759	781.600
13806	781.600
13839	781.600
13959	781.600
13985	781.600
13543	781.700
13569	781.700
13611	781.700
13614	781.700
13746	781.700
13831	781.700
13892	781.700
13905	781.700
13919	781.700
13997	781.700
13506	781.800
13535	781.800
13544	781.800
13642	781.800
13727	781.800
13774	781.800
13784	781.800
13833	781.800
13885	781.800
13886	781.800
13895	781.800
13899	781.800
13915	781.800
13955	781.800
13496	781.900
13577	781.900
13599	781.900
13659	781.900
13673	781.900
13785	781.900
13805	781.900
13958	781.900
13971	781.900
13991	781.900
14035	781.900
13497	782.000
13534	782.000
13559	782.000
13581	782.000
13588	782.000
13590	782.000
13620	782.000
13626	782.000
13635	782.000
13664	782.000
13668	782.000
13710	782.000
13788	782.000
13801	782.000
13821	782.000
13845	782.000
13851	782.000
13859	782.000
13861	782.000
13500	782.100
13570	782.100
13578	782.100
13598	782.100
13631	782.100
13650	782.100
13718	782.100
13744	782.100
13751	782.100
13756	782.100
13760	782.100
13765	782.100
13807	782.100
13828	782.100
13846	782.100
13867	782.100
13875	782.100
13889	782.100
13901	782.100
13906	782.100
13908	782.100
13922	782.100
13927	782.100
13970	782.100
13995	782.100
14022	782.100
13489	782.200
13493	782.200
13549	782.200
13583	782.200
13591	782.200
13592	782.200
13597	782.200
13624	782.200
13637	782.200
13654	782.200
13675	782.200
13676	782.200
13678	782.200
13682	782.200
13694	782.200
13709	782.200
13712	782.200
13719	782.200
13742	782.200
13752	782.200
13755	782.200
13767	782.200
13773	782.200
13799	782.200
13837	782.200
13893	782.200
13909	782.200
13928	782.200
13930	782.200
13937	782.200
13946	782.200
13954	782.200
13969	782.200
13977	782.200
13983	782.200
13988	782.200
13993	782.200
14009	782.200
14025	782.200
14026	782.200
14034	782.200
13494	782.300
13513	782.300
13519	782.300
13522	782.300
13526	782.300
13545	782.300
13547	782.300
13552	782.300
13553	782.300
13558	782.300
13560	782.300
13565	782.300
13574	782.300
13587	782.300
13629	782.300
13636	782.300
13653	782.300
13685	782.300
13697	782.300
13720	782.300
13731	782.300
13734	782.300
13749	782.300
13757	782.300
13768	782.300
13775	782.300
13791	782.300
13803	782.300
13818	782.300
13891	782.300
13896	782.300
13917	782.300
13920	782.300
13934	782.300
13936	782.300
13944	782.300
13956	782.300
13957	782.300
13960	782.300
13981	782.300
13982	782.300
13998	782.300
14002	782.300
13495	782.400
13528	782.400
13530	782.400
13542	782.400
13575	782.400
13582	782.400
13585	782.400
13596	782.400
13605	782.400
13632	782.400
13651	782.400
13669	782.400
13680	782.400
13693	782.400
13703	782.400
13722	782.400
13728	782.400
13743	782.400
13754	782.400
13762	782.400
13763	782.400
13764	782.400
13794	782.400
13829	782.400
13853	782.400
13865	782.400
13876	782.400
13878	782.400
13884	782.400
13912	782.400
13913	782.400
13921	782.400
13926	782.400
13949	782.400
14013	782.400
13501	782.500
13502	782.500
13503	782.500
13504	782.500
13511	782.500
13538	782.500
13572	782.500
13603	782.500
13606	782.500
13630	782.500
13656	782.500
13662	782.500
13681	782.500
13704	782.500
13707	782.500
13714	782.500
13737	782.500
13739	782.500
13772	782.500
13777	782.500
13778	782.500
13810	782.500
13820	782.500
13824	782.500
13841	782.500
13898	782.500
13902	782.500
13932	782.500
13939	782.500
13963	782.500
13967	782.500
13972	782.500
13990	782.500
13992	782.500
14018	782.500
14021	782.500
13488	782.600
13521	782.600
13548	782.600
13555	782.600
13557	782.600
13563	782.600
13568	782.600
13600	782.600
13633	782.600
13641	782.600
13643	782.600
13667	782.600
13677	782.600
13679	782.600
13683	782.600
13686	782.600
13688	782.600
13690	782.600
13696	782.600
13700	782.600
13711	782.600
13713	782.600
13729	782.600
13741	782.600
13800	782.600
13822	782.600
13827	782.600
13838	782.600
13871	782.600
13873	782.600
13877	782.600
13900	782.600
13907	782.600
13910	782.600
13923	782.600
13943	782.600
13965	782.600
13975	782.600
13976	782.600
14001	782.600
14004	782.600
14011	782.600
14016	782.600
14029	782.600
13505	782.700
13524	782.700
13573	782.700
13613	782.700
13621	782.700
13634	782.700
13645	782.700
13652	782.700
13666	782.700
13692	782.700
13730	782.700
13758	782.700
13770	782.700
13815	782.700
13816	782.700
13852	782.700
13857	782.700
13870	782.700
13940	782.700
13974	782.700
14027	782.700
13507	782.800
13509	782.800
13541	782.800
13602	782.800
13615	782.800
13617	782.800
13618	782.800
13684	782.800
13689	782.800
13798	782.800
13830	782.800
13843	782.800
13844	782.800
13935	782.800
13942	782.800
13986	782.800
14010	782.800
14028	782.800
13498	782.900
13531	782.900
13539	782.900
13594	782.900
13628	782.900
13638	782.900
13649	782.900
13658	782.900
13698	782.900
13705	782.900
13706	782.900
13725	782.900
13750	782.900
13792	782.900
13797	782.900
13802	782.900
13854	782.900
13869	782.900
13874	782.900
13887	782.900
13894	782.900
13918	782.900
13931	782.900
13952	782.900
13962	782.900
13964	782.900
13968	782.900
14012	782.900
14020	782.900
13514	783.000
13604	783.000
13616	783.000
13672	783.000
13708	783.000
13748	783.000
13814	783.000
13856	783.000
13860	783.000
13872	783.000
13914	783.000
13924	783.000
13945	783.000
13989	783.000
13994	783.000
14015	783.000
13612	783.100
13657	783.100
13804	783.100
13812	783.100
13863	783.100
13537	783.200
13640	783.200
13864	783.200
13966	783.200
13571	783.300
13999	783.300
13516	783.400
13518	783.400
14007	783.400
13947	783.500
13644	783.800
13978	784.300
13881	784.700
14033	784.700
13862	784.800
13903	784.800
14003	784.800
13608	784.900
13659	784.900
13915	785.000
13646	785.100
13695	785.100
14008	785.200
13647	785.300
13712	785.300
13527	785.400
13828	785.400
13733	785.500
13895	785.500
13510	785.800
13996	785.800
14022	785.800
13759	786.100
13671	786.200
13741	786.300
13888	786.300
13969	786.400
13742	786.500
13598	786.600
13528	786.700
13544	787.600
13763	788.700
13809	788.900
13800	789.900
13946	789.900
13944	790.100
13669	790.200
13853	790.300
13976	790.300
13512	790.400
13557	790.400
13538	790.500
13769	790.500
13975	790.500
14016	790.500
13922	790.600
14025	790.700
13701	790.800
14023	790.900
13771	791.100
13821	791.100
13552	791.200
13570	791.300
13688	791.600
13560	791.700
13630	791.700
13654	791.800
13782	791.800
13531	791.900
13566	791.900
13712	791.900
13770	791.900
13818	791.900
13719	792.000
13857	792.000
13578	792.200
13748	792.300
13968	792.300
13575	792.400
13631	792.400
13643	792.400
13579	792.500
13580	792.500
13597	792.500
13900	792.500
13919	792.500
13956	792.500
13875	792.700
13702	792.800
14018	792.800
13516	792.900
13678	792.900
14004	792.900
14014	793.100
13681	793.200
13871	793.200
13793	793.300
13844	793.300
14029	793.300
13525	793.700
13974	793.900
13695	794.100
13604	794.300
13505	794.500
13508	794.600
13535	794.600
13862	794.600
13582	794.800
13874	794.800
13996	794.800
13488	794.900
13714	795.000
13733	795.000
13667	795.100
13563	795.200
13675	795.200
14010	795.200
13709	795.300
13992	795.300
13644	795.400
13680	795.400
13863	795.400
13864	795.400
13959	795.400
13995	795.400
13618	795.600
13684	795.600
13791	795.600
13592	795.800
13727	795.800
13910	795.800
13507	796.000
13769	796.000
13888	796.000
13920	796.000
13868	796.100
13600	796.300
13651	796.300
13560	796.400
13914	796.400
13575	796.800
13847	796.900
13886	797.000
13524	797.100
13617	797.100
13761	797.100
13596	797.300
13946	797.300
13683	797.400
13891	797.400
13950	797.400
13527	797.500
13621	797.500
13676	797.500
13735	797.500
13737	797.500
13792	797.500
14028	797.500
13648	797.600
13767	797.600
13947	797.600
13516	797.700
13630	797.700
13722	797.700
13781	797.700
13804	797.700
13870	797.700
13924	797.700
13973	797.700
13528	797.800
13693	797.800
13818	797.800
14003	797.800
13513	797.900
13606	797.900
13708	797.900
13771	797.900
13806	797.900
13892	797.900
13925	797.900
13945	797.900
13659	798.000
13702	798.000
13881	798.000
13954	798.000
13538	798.100
13694	798.100
13810	798.100
13821	798.100
13827	798.100
14008	798.100
13689	798.200
13966	798.200
13620	798.300
13671	798.300
14016	798.300
13896	798.400
13985	798.400
14004	798.400
13772	798.500
13520	798.700
13894	798.700
13649	798.800
13999	798.800
13497	798.900
13537	798.900
13613	799.000
13782	799.100
13916	799.300
14025	799.400
13975	799.600
13706	799.700
13915	799.700
13742	799.800
13991	799.800
13774	799.900
13530	800.000
13631	800.000
13644	800.000
13987	800.000
13580	800.100
13584	800.100
13602	800.100
13607	800.100
13932	800.100
13982	800.100
13514	800.200
13791	800.200
13907	800.200
13862	800.300
13930	800.300
14030	800.300
13759	800.400
13798	800.400
13863	800.400
13935	800.400
13960	800.400
13552	800.500
13560	800.500
13749	800.500
13824	800.500
13867	800.500
13591	800.600
13768	800.600
13943	800.600
13687	800.700
13719	800.700
13675	800.800
13700	800.800
13948	800.800
13677	800.900
13913	800.900
14002	800.900
13556	801.000
13575	801.000
13662	801.100
13681	801.100
13922	801.100
13674	801.200
13785	801.200
13794	801.200
13582	801.300
13974	801.300
13748	801.400
13846	801.400
13769	801.500
13773	801.500
13792	801.500
13895	801.500
14019	801.500
13753	801.700
13885	801.700
13488	801.800
13648	801.800
13731	801.800
13733	801.800
13744	801.800
13850	801.800
13886	801.800
13516	801.900
13549	801.900
13630	801.900
13686	801.900
13854	801.900
13888	801.900
13519	802.000
13737	802.000
13859	802.000
13903	802.000
13535	802.100
13596	802.100
13612	802.100
13651	802.100
13812	802.100
13874	802.100
13883	802.100
13962	802.100
14018	802.100
13593	802.200
13728	802.200
13855	802.200
13891	802.200
13914	802.200
13927	802.200
13950	802.200
13539	802.300
13585	802.300
13605	802.300
13654	802.300
13827	802.300
13871	802.300
13996	802.300
14007	802.300
13524	802.400
13566	802.400
13594	802.400
13766	802.400
13831	802.400
13839	802.400
13944	802.400
13490	802.500
13508	802.500
13599	802.500
13608	802.500
13643	802.500
13796	802.500
13837	802.500
13852	802.500
13938	802.500
13498	802.600
13624	802.600
13626	802.600
13659	802.600
13811	802.600
13857	802.600
13899	802.600
13924	802.600
13958	802.600
13995	802.600
13999	802.600
13504	802.700
13692	802.700
13714	802.700
13724	802.700
13742	802.700
13745	802.700
13801	802.700
13822	802.700
13877	802.700
13929	802.700
13936	802.700
13947	802.700
13966	802.700
13506	802.800
13559	802.800
13592	802.800
13671	802.800
13684	802.800
13688	802.800
13734	802.800
13838	802.800
13892	802.800
13897	802.800
13925	802.800
13968	802.800
13980	802.800
13989	802.800
14004	802.800
14008	802.800
14014	802.800
14024	802.800
13502	802.900
13640	802.900
13667	802.900
13868	802.900
13928	802.900
13981	802.900
13994	802.900
14003	802.900
14025	802.900
13510	803.000
13544	803.000
13600	803.000
13741	803.000
13810	803.000
13853	803.000
13904	803.000
14035	803.000
13505	803.100
13513	803.100
13528	803.100
13547	803.100
13604	803.100
13646	803.100
13658	803.100
13664	803.100
13704	803.100
13710	803.100
13861	803.100
13900	803.100
13953	803.100
14009	803.100
13530	803.200
13701	803.200
13751	803.200
13772	803.200
13800	803.200
13873	803.200
13896	803.200
13931	803.200
13941	803.200
13976	803.200
13986	803.200
13493	803.300
13564	803.300
13622	803.300
13644	803.300
13693	803.300
13703	803.300
13730	803.300
13806	803.300
13821	803.300
13864	803.300
13915	803.300
13991	803.300
14032	803.300
14033	803.300
13580	803.400
13629	803.400
13670	803.400
13673	803.400
13676	803.400
13735	803.400
13774	803.400
13805	803.400
13964	803.400
14026	803.400
13512	803.500
13598	803.500
13685	803.500
13689	803.500
13707	803.500
13817	803.500
13840	803.500
13875	803.500
13881	803.500
13491	803.600
13495	803.600
13497	803.600
13538	803.600
13669	803.600
13708	803.600
13775	803.600
13777	803.600
13783	803.600
13834	803.600
13894	803.600
13905	803.600
13912	803.600
13939	803.600
14010	803.600
13525	803.700
13527	803.700
13534	803.700
13537	803.700
13568	803.700
13570	803.700
13584	803.700
13602	803.700
13618	803.700
13649	803.700
13706	803.700
13722	803.700
13770	803.700
13804	803.700
13828	803.700
13878	803.700
13946	803.700
13992	803.700
14028	803.700
13489	803.800
13520	803.800
13540	803.800
13552	803.800
13577	803.800
13586	803.800
13632	803.800
13695	803.800
13702	803.800
13761	803.800
13791	803.800
13809	803.800
13916	803.800
13934	803.800
13943	803.800
13956	803.800
13957	803.800
14023	803.800
13522	803.900
13543	803.900
13551	803.900
13581	803.900
13597	803.900
13616	803.900
13625	803.900
13694	803.900
13738	803.900
13762	803.900
13771	803.900
13841	803.900
13856	803.900
13863	803.900
14016	803.900
13603	804.000
13620	804.000
13628	804.000
13668	804.000
13687	804.000
13768	804.000
13788	804.000
13824	804.000
13844	804.000
13862	804.000
13880	804.000
13901	804.000
13919	804.000
13923	804.000
14002	804.000
13578	804.100
13589	804.100
13627	804.100
13637	804.100
13645	804.100
13663	804.100
13675	804.100
13759	804.100
13830	804.100
13833	804.100
13843	804.100
13846	804.100
13847	804.100
13867	804.100
13889	804.100
13911	804.100
13913	804.100
13922	804.100
13933	804.100
14034	804.100
13494	804.200
13507	804.200
13521	804.200
13526	804.200
13609	804.200
13642	804.200
13755	804.200
13781	804.200
13948	804.200
13978	804.200
13982	804.200
13985	804.200
13987	804.200
13988	804.200
14021	804.200
13501	804.300
13514	804.300
13554	804.300
13607	804.300
13614	804.300
13617	804.300
13652	804.300
13662	804.300
13677	804.300
13709	804.300
13713	804.300
13719	804.300
13733	804.300
13736	804.300
13757	804.300
13785	804.300
13789	804.300
13814	804.300
13826	804.300
13858	804.300
13870	804.300
13908	804.300
13918	804.300
13935	804.300
13959	804.300
13974	804.300
13997	804.300
14031	804.300
13499	804.400
13516	804.400
13529	804.400
13536	804.400
13555	804.400
13557	804.400
13560	804.400
13588	804.400
13611	804.400
13681	804.400
13727	804.400
13731	804.400
13740	804.400
13748	804.400
13750	804.400
13752	804.400
13763	804.400
13767	804.400
13769	804.400
13779	804.400
13799	804.400
13816	804.400
13887	804.400
13888	804.400
13902	804.400
14030	804.400
13545	804.500
13561	804.500
13567	804.500
13569	804.500
13575	804.500
13582	804.500
13583	804.500
13587	804.500
13638	804.500
13683	804.500
13720	804.500
13726	804.500
13737	804.500
13746	804.500
13753	804.500
13842	804.500
13869	804.500
13874	804.500
13885	804.500
13926	804.500
13930	804.500
13942	804.500
13960	804.500
13963	804.500
13967	804.500
13975	804.500
13998	804.500
14019	804.500
14022	804.500
13500	804.600
13509	804.600
13515	804.600
13531	804.600
13532	804.600
13579	804.600
13634	804.600
13647	804.600
13678	804.600
13686	804.600
13690	804.600
13696	804.600
13718	804.600
13743	804.600
13758	804.600
13776	804.600
13792	804.600
13906	804.600
13932	804.600
13955	804.600
13962	804.600
13965	804.600
13969	804.600
13993	804.600
14005	804.600
13503	804.700
13518	804.700
13542	804.700
13550	804.700
13565	804.700
13574	804.700
13606	804.700
13635	804.700
13636	804.700
13680	804.700
13773	804.700
13782	804.700
13807	804.700
13818	804.700
13845	804.700
13855	804.700
13859	804.700
13903	804.700
13937	804.700
13971	804.700
13973	804.700
13601	804.800
13621	804.800
13630	804.800
13648	804.800
13666	804.800
13682	804.800
13698	804.800
13705	804.800
13715	804.800
13765	804.800
13854	804.800
13871	804.800
13876	804.800
13886	804.800
13890	804.800
13907	804.800
13909	804.800
13949	804.800
13972	804.800
14001	804.800
14018	804.800
13488	804.900
13535	804.900
13553	804.900
13556	804.900
13558	804.900
13585	804.900
13599	804.900
13613	804.900
13615	804.900
13655	804.900
13656	804.900
13697	804.900
13729	804.900
13739	804.900
13760	804.900
13764	804.900
13839	804.900
13895	804.900
13940	804.900
14027	804.900
13492	805.000
13508	805.000
13571	805.000
13572	805.000
13612	805.000
13650	805.000
13653	805.000
13654	805.000
13674	805.000
13728	805.000
13756	805.000
13784	805.000
13811	805.000
13837	805.000
13851	805.000
13899	805.000
13914	805.000
13996	805.000
14007	805.000
14011	805.000
14017	805.000
13511	805.100
13549	805.100
13596	805.100
13624	805.100
13692	805.100
13699	805.100
13711	805.100
13712	805.100
13724	805.100
13749	805.100
13794	805.100
13852	805.100
13883	805.100
13966	805.100
13977	805.100
13999	805.100
13490	805.200
13498	805.200
13591	805.200
13594	805.200
13671	805.200
13684	805.200
13744	805.200
13801	805.200
13865	805.200
13924	805.200
13944	805.200
13947	805.200
13989	805.200
14014	805.200
13539	805.300
13562	805.300
13566	805.300
13796	805.300
13838	805.300
13892	805.300
14013	805.300
14029	805.300
13592	805.400
13633	805.400
13742	805.400
13793	805.400
13970	805.400
13980	805.400
14004	805.400
13667	805.500
13925	805.500
13958	805.500
13496	805.600
13547	805.600
13604	805.600
13626	805.600
13640	805.600
13893	805.600
13904	805.600
13910	805.600
14025	805.600
13523	805.700
13700	805.700
13820	805.700
13877	805.700
13900	805.700
14015	805.700
13524	805.800
13544	805.800
13751	805.800
13787	805.800
13898	805.800
13994	805.800
13644	805.900
13659	805.900
13664	805.900
13810	805.900
14024	805.900
13593	806.100
13915	806.100
14003	806.100
13493	806.200
13931	806.200
13798	806.300
13986	806.300
13646	806.400
13688	806.400
13946	806.400
13608	806.500
13804	806.500
13734	806.600
13881	806.900
13995	806.900
13738	807.000
13912	807.300
