# NEST version: 3.5
# RecordingBackendASCII version: 2
sender	time_ms
14516	0.100
14195	711.400
14456	711.400
14196	711.500
14222	711.500
14417	711.500
14060	711.600
14070	711.600
14088	711.600
14091	711.600
14124	711.600
14146	711.600
14152	711.600
14172	711.600
14176	711.600
14187	711.600
14219	711.600
14243	711.600
14245	711.600
14340	711.600
14387	711.600
14416	711.600
14419	711.600
14432	711.600
14451	711.600
14466	711.600
14471	711.600
14488	711.600
14496	711.600
14504	711.600
14510	711.600
14037	711.700
14041	711.700
14042	711.700
14054	711.700
14056	711.700
14059	711.700
14063	711.700
14080	711.700
14087	711.700
14097	711.700
14105	711.700
14115	711.700
14121	711.700
14131	711.700
14181	711.700
14216	711.700
14246	711.700
14254	711.700
14259	711.700
14263	711.700
14265	711.700
14273	711.700
14277	711.700
14280	711.700
14283	711.700
14285	711.700
14290	711.700
14305	711.700
14306	711.700
14311	711.700
14319	711.700
14324	711.700
14339	711.700
14343	711.700
14346	711.700
14351	711.700
14370	711.700
14373	711.700
14380	711.700
14385	711.700
14392	711.700
14406	711.700
14409	711.700
14426	711.700
14437	711.700
14445	711.700
14452	711.700
14458	711.700
14461	711.700
14462	711.700
14463	711.700
14478	711.700
14481	711.700
14490	711.700
14511	711.700
14045	711.800
14048	711.800
14049	711.800
14050	711.800
14058	711.800
14064	711.800
14077	711.800
14092	711.800
14095	711.800
14099	711.800
14103	711.800
14113	711.800
14126	711.800
14127	711.800
14133	711.800
14135	711.800
14137	711.800
14142	711.800
14149	711.800
14153	711.800
14159	711.800
14165	711.800
14174	711.800
14179	711.800
14184	711.800
14185	711.800
14192	711.800
14203	711.800
14212	711.800
14214	711.800
14226	711.800
14234	711.800
14238	711.800
14239	711.800
14240	711.800
14241	711.800
14253	711.800
14270	711.800
14278	711.800
14297	711.800
14298	711.800
14300	711.800
14302	711.800
14303	711.800
14312	711.800
14318	711.800
14336	711.800
14338	711.800
14344	711.800
14347	711.800
14359	711.800
14368	711.800
14371	711.800
14375	711.800
14383	711.800
14384	711.800
14395	711.800
14400	711.800
14401	711.800
14403	711.800
14408	711.800
14411	711.800
14427	711.800
14428	711.800
14435	711.800
14441	711.800
14465	711.800
14480	711.800
14485	711.800
14495	711.800
14506	711.800
14519	711.800
14038	711.900
14040	711.900
14044	711.900
14055	711.900
14057	711.900
14069	711.900
14073	711.900
14074	711.900
14081	711.900
14082	711.900
14084	711.900
14090	711.900
14094	711.900
14096	711.900
14098	711.900
14101	711.900
14118	711.900
14120	711.900
14125	711.900
14128	711.900
14141	711.900
14150	711.900
14151	711.900
14158	711.900
14161	711.900
14162	711.900
14173	711.900
14177	711.900
14178	711.900
14182	711.900
14186	711.900
14189	711.900
14191	711.900
14193	711.900
14197	711.900
14211	711.900
14213	711.900
14218	711.900
14237	711.900
14242	711.900
14249	711.900
14250	711.900
14252	711.900
14256	711.900
14257	711.900
14262	711.900
14271	711.900
14275	711.900
14281	711.900
14287	711.900
14288	711.900
14291	711.900
14296	711.900
14301	711.900
14315	711.900
14332	711.900
14333	711.900
14342	711.900
14356	711.900
14360	711.900
14363	711.900
14364	711.900
14369	711.900
14374	711.900
14379	711.900
14396	711.900
14412	711.900
14414	711.900
14425	711.900
14429	711.900
14438	711.900
14439	711.900
14457	711.900
14464	711.900
14468	711.900
14472	711.900
14475	711.900
14479	711.900
14487	711.900
14497	711.900
14501	711.900
14512	711.900
14518	711.900
14520	711.900
14051	712.000
14061	712.000
14062	712.000
14066	712.000
14075	712.000
14100	712.000
14104	712.000
14107	712.000
14117	712.000
14122	712.000
14134	712.000
14136	712.000
14139	712.000
14147	712.000
14154	712.000
14155	712.000
14156	712.000
14160	712.000
14164	712.000
14166	712.000
14167	712.000
14170	712.000
14190	712.000
14194	712.000
14199	712.000
14201	712.000
14220	712.000
14251	712.000
14255	712.000
14260	712.000
14261	712.000
14268	712.000
14269	712.000
14282	712.000
14292	712.000
14304	712.000
14308	712.000
14320	712.000
14321	712.000
14322	712.000
14323	712.000
14325	712.000
14337	712.000
14348	712.000
14349	712.000
14350	712.000
14355	712.000
14358	712.000
14361	712.000
14365	712.000
14367	712.000
14372	712.000
14376	712.000
14377	712.000
14381	712.000
14390	712.000
14397	712.000
14402	712.000
14407	712.000
14410	712.000
14415	712.000
14420	712.000
14421	712.000
14424	712.000
14430	712.000
14431	712.000
14440	712.000
14443	712.000
14446	712.000
14454	712.000
14455	712.000
14459	712.000
14469	712.000
14470	712.000
14474	712.000
14477	712.000
14486	712.000
14491	712.000
14492	712.000
14494	712.000
14498	712.000
14499	712.000
14509	712.000
14514	712.000
14517	712.000
14043	712.100
14046	712.100
14052	712.100
14053	712.100
14071	712.100
14072	712.100
14108	712.100
14111	712.100
14112	712.100
14114	712.100
14119	712.100
14129	712.100
14138	712.100
14144	712.100
14148	712.100
14163	712.100
14168	712.100
14171	712.100
14180	712.100
14183	712.100
14204	712.100
14206	712.100
14207	712.100
14209	712.100
14210	712.100
14217	712.100
14230	712.100
14235	712.100
14266	712.100
14279	712.100
14284	712.100
14286	712.100
14289	712.100
14295	712.100
14314	712.100
14330	712.100
14334	712.100
14357	712.100
14362	712.100
14386	712.100
14393	712.100
14394	712.100
14399	712.100
14405	712.100
14423	712.100
14434	712.100
14444	712.100
14447	712.100
14449	712.100
14473	712.100
14482	712.100
14483	712.100
14489	712.100
14500	712.100
14502	712.100
14503	712.100
14505	712.100
14516	712.100
14065	712.200
14068	712.200
14083	712.200
14085	712.200
14089	712.200
14109	712.200
14140	712.200
14145	712.200
14157	712.200
14175	712.200
14198	712.200
14205	712.200
14215	712.200
14221	712.200
14225	712.200
14258	712.200
14264	712.200
14274	712.200
14307	712.200
14310	712.200
14313	712.200
14328	712.200
14329	712.200
14331	712.200
14335	712.200
14345	712.200
14353	712.200
14354	712.200
14366	712.200
14378	712.200
14382	712.200
14388	712.200
14404	712.200
14413	712.200
14418	712.200
14422	712.200
14433	712.200
14436	712.200
14442	712.200
14493	712.200
14513	712.200
14515	712.200
14067	712.300
14076	712.300
14078	712.300
14079	712.300
14086	712.300
14093	712.300
14106	712.300
14116	712.300
14123	712.300
14130	712.300
14169	712.300
14208	712.300
14224	712.300
14227	712.300
14232	712.300
14247	712.300
14267	712.300
14316	712.300
14317	712.300
14326	712.300
14327	712.300
14341	712.300
14352	712.300
14450	712.300
14453	712.300
14460	712.300
14467	712.300
14508	712.300
14036	712.400
14039	712.400
14047	712.400
14188	712.400
14200	712.400
14202	712.400
14244	712.400
14293	712.400
14391	712.400
14398	712.400
14448	712.400
14476	712.400
14102	712.500
14132	712.500
14143	712.500
14223	712.500
14228	712.500
14229	712.500
14233	712.500
14236	712.500
14248	712.500
14294	712.500
14299	712.500
14389	712.500
14484	712.500
14507	712.500
14276	712.600
14110	712.700
14272	712.700
14231	712.800
14309	712.800
14195	713.800
14456	713.800
14196	713.900
14340	713.900
14416	713.900
14417	713.900
14070	714.000
14091	714.000
14124	714.000
14504	714.000
14510	714.000
14054	714.100
14056	714.100
14152	714.100
14187	714.100
14290	714.100
14305	714.100
14339	714.100
14406	714.100
14485	714.100
14060	714.200
14131	714.200
14240	714.200
14243	714.200
14311	714.200
14343	714.200
14384	714.200
14445	714.200
14519	714.200
14127	714.300
14219	714.300
14280	714.300
14306	714.300
14368	714.300
14425	714.300
14452	714.300
14146	714.400
14211	714.400
14212	714.400
14259	714.400
14273	714.400
14336	714.400
14380	714.400
14125	714.500
14126	714.500
14151	714.500
14161	714.500
14094	714.600
14120	714.600
14121	714.600
14141	714.600
14155	714.600
14181	714.600
14201	714.600
14270	714.600
14281	714.600
14347	714.600
14443	714.600
14501	714.600
14194	714.700
14226	714.700
14245	714.700
14249	714.700
14260	714.700
14370	714.700
14401	714.700
14462	714.700
14095	714.800
14105	714.800
14135	714.800
14142	714.800
14149	714.800
14158	714.800
14159	714.800
14256	714.800
14332	714.800
14359	714.800
14371	714.800
14376	714.800
14426	714.800
14430	714.800
14458	714.800
14481	714.800
14488	714.800
14520	714.800
14063	714.900
14068	714.900
14080	714.900
14218	714.900
14251	714.900
14261	714.900
14271	714.900
14297	714.900
14310	714.900
14363	714.900
14365	714.900
14387	714.900
14407	714.900
14412	714.900
14464	714.900
14469	714.900
14475	714.900
14509	714.900
14073	715.000
14074	715.000
14109	715.000
14165	715.000
14176	715.000
14184	715.000
14199	715.000
14214	715.000
14241	715.000
14242	715.000
14257	715.000
14282	715.000
14299	715.000
14303	715.000
14312	715.000
14334	715.000
14338	715.000
14392	715.000
14429	715.000
14438	715.000
14461	715.000
14463	715.000
14491	715.000
14518	715.000
14043	715.100
14045	715.100
14046	715.100
14059	715.100
14065	715.100
14093	715.100
14107	715.100
14115	715.100
14169	715.100
14179	715.100
14190	715.100
14191	715.100
14206	715.100
14210	715.100
14223	715.100
14238	715.100
14262	715.100
14276	715.100
14322	715.100
14364	715.100
14379	715.100
14397	715.100
14405	715.100
14419	715.100
14423	715.100
14446	715.100
14471	715.100
14478	715.100
14480	715.100
14492	715.100
14505	715.100
14514	715.100
14038	715.200
14058	715.200
14106	715.200
14119	715.200
14123	715.200
14132	715.200
14143	715.200
14157	715.200
14162	715.200
14170	715.200
14171	715.200
14172	715.200
14175	715.200
14189	715.200
14197	715.200
14203	715.200
14205	715.200
14217	715.200
14220	715.200
14222	715.200
14239	715.200
14265	715.200
14292	715.200
14296	715.200
14321	715.200
14327	715.200
14341	715.200
14360	715.200
14362	715.200
14373	715.200
14383	715.200
14386	715.200
14410	715.200
14441	715.200
14442	715.200
14448	715.200
14449	715.200
14457	715.200
14460	715.200
14465	715.200
14474	715.200
14487	715.200
14496	715.200
14503	715.200
14507	715.200
14517	715.200
14037	715.300
14048	715.300
14052	715.300
14079	715.300
14085	715.300
14097	715.300
14099	715.300
14111	715.300
14139	715.300
14145	715.300
14154	715.300
14174	715.300
14193	715.300
14208	715.300
14215	715.300
14221	715.300
14233	715.300
14235	715.300
14237	715.300
14248	715.300
14258	715.300
14263	715.300
14266	715.300
14285	715.300
14293	715.300
14313	715.300
14315	715.300
14318	715.300
14319	715.300
14320	715.300
14324	715.300
14330	715.300
14331	715.300
14337	715.300
14342	715.300
14350	715.300
14352	715.300
14353	715.300
14356	715.300
14358	715.300
14366	715.300
14372	715.300
14375	715.300
14377	715.300
14388	715.300
14394	715.300
14396	715.300
14400	715.300
14404	715.300
14408	715.300
14409	715.300
14420	715.300
14421	715.300
14431	715.300
14434	715.300
14435	715.300
14459	715.300
14468	715.300
14477	715.300
14489	715.300
14499	715.300
14506	715.300
14512	715.300
14036	715.400
14039	715.400
14042	715.400
14044	715.400
14047	715.400
14050	715.400
14057	715.400
14062	715.400
14066	715.400
14077	715.400
14078	715.400
14083	715.400
14086	715.400
14089	715.400
14096	715.400
14100	715.400
14122	715.400
14133	715.400
14147	715.400
14148	715.400
14164	715.400
14167	715.400
14177	715.400
14182	715.400
14185	715.400
14209	715.400
14216	715.400
14224	715.400
14225	715.400
14227	715.400
14228	715.400
14229	715.400
14236	715.400
14246	715.400
14247	715.400
14252	715.400
14253	715.400
14255	715.400
14264	715.400
14274	715.400
14283	715.400
14284	715.400
14314	715.400
14317	715.400
14349	715.400
14351	715.400
14378	715.400
14389	715.400
14391	715.400
14393	715.400
14395	715.400
14414	715.400
14418	715.400
14432	715.400
14440	715.400
14470	715.400
14476	715.400
14479	715.400
14483	715.400
14490	715.400
14500	715.400
14502	715.400
14041	715.500
14051	715.500
14053	715.500
14055	715.500
14092	715.500
14098	715.500
14103	715.500
14110	715.500
14116	715.500
14117	715.500
14130	715.500
14134	715.500
14140	715.500
14144	715.500
14163	715.500
14186	715.500
14198	715.500
14200	715.500
14231	715.500
14250	715.500
14268	715.500
14272	715.500
14277	715.500
14286	715.500
14287	715.500
14288	715.500
14289	715.500
14298	715.500
14304	715.500
14325	715.500
14326	715.500
14329	715.500
14344	715.500
14355	715.500
14357	715.500
14361	715.500
14381	715.500
14382	715.500
14390	715.500
14403	715.500
14411	715.500
14422	715.500
14428	715.500
14433	715.500
14450	715.500
14454	715.500
14455	715.500
14484	715.500
14495	715.500
14040	715.600
14067	715.600
14069	715.600
14071	715.600
14076	715.600
14084	715.600
14114	715.600
14129	715.600
14136	715.600
14137	715.600
14178	715.600
14180	715.600
14183	715.600
14188	715.600
14192	715.600
14230	715.600
14232	715.600
14267	715.600
14278	715.600
14291	715.600
14295	715.600
14300	715.600
14302	715.600
14316	715.600
14328	715.600
14335	715.600
14345	715.600
14348	715.600
14354	715.600
14367	715.600
14385	715.600
14398	715.600
14413	715.600
14427	715.600
14437	715.600
14444	715.600
14467	715.600
14472	715.600
14473	715.600
14493	715.600
14498	715.600
14515	715.600
14516	715.600
14064	715.700
14082	715.700
14087	715.700
14088	715.700
14166	715.700
14173	715.700
14202	715.700
14207	715.700
14254	715.700
14269	715.700
14294	715.700
14309	715.700
14346	715.700
14399	715.700
14402	715.700
14447	715.700
14451	715.700
14466	715.700
14511	715.700
14049	715.800
14061	715.800
14072	715.800
14081	715.800
14112	715.800
14113	715.800
14128	715.800
14150	715.800
14153	715.800
14160	715.800
14168	715.800
14204	715.800
14213	715.800
14275	715.800
14307	715.800
14308	715.800
14323	715.800
14333	715.800
14369	715.800
14453	715.800
14486	715.800
14508	715.800
14090	715.900
14101	715.900
14102	715.900
14108	715.900
14118	715.900
14138	715.900
14156	715.900
14244	715.900
14279	715.900
14374	715.900
14424	715.900
14482	715.900
14494	715.900
14497	715.900
14513	715.900
14075	716.000
14104	716.000
14234	716.000
14301	716.000
14195	716.100
14436	716.100
14439	716.100
14456	716.100
14196	716.200
14340	716.200
14416	716.200
14415	716.300
14510	716.300
14070	716.400
14417	716.400
14504	716.400
14054	716.500
14091	716.500
14152	716.500
14124	716.600
14290	716.800
14406	716.800
14243	716.900
14305	716.900
14339	717.100
14425	717.800
14120	718.100
14256	718.200
14281	718.200
14421	718.600
14131	719.100
14211	719.200
14325	719.200
14490	719.200
14125	720.000
14219	720.700
14155	720.900
14059	721.500
14380	729.900
14456	730.400
14300	731.000
14146	731.200
14182	731.200
14359	731.300
14437	731.300
14171	731.500
14273	731.600
14176	731.700
14242	731.800
14249	731.800
14402	732.000
14245	732.100
14340	732.100
14387	732.100
14137	732.200
14485	732.200
14186	732.300
14195	732.300
14487	732.300
14257	732.400
14379	732.400
14452	732.400
14427	732.600
14432	732.600
14069	732.700
14281	732.800
14378	732.800
14406	732.800
14429	732.800
14510	732.800
14365	732.900
14094	733.000
14124	733.000
14161	733.000
14328	733.000
14502	733.000
14504	733.000
14095	733.100
14219	733.100
14256	733.100
14360	733.100
14421	733.100
14478	733.100
14513	733.100
14038	733.200
14044	733.200
14131	733.200
14226	733.200
14292	733.200
14306	733.200
14440	733.200
14470	733.200
14471	733.200
14115	733.300
14149	733.300
14187	733.300
14246	733.300
14339	733.300
14431	733.300
14121	733.400
14136	733.400
14174	733.400
14224	733.400
14371	733.400
14394	733.400
14126	733.500
14134	733.500
14183	733.500
14368	733.500
14381	733.500
14400	733.500
14416	733.500
14458	733.500
14046	733.600
14056	733.600
14070	733.600
14084	733.600
14154	733.600
14259	733.600
14260	733.600
14271	733.600
14324	733.600
14392	733.600
14414	733.600
14424	733.600
14501	733.600
14520	733.600
14075	733.700
14150	733.700
14162	733.700
14194	733.700
14214	733.700
14237	733.700
14261	733.700
14342	733.700
14411	733.700
14488	733.700
14055	733.800
14059	733.800
14066	733.800
14081	733.800
14105	733.800
14212	733.800
14218	733.800
14238	733.800
14298	733.800
14305	733.800
14338	733.800
14358	733.800
14405	733.800
14412	733.800
14419	733.800
14473	733.800
14496	733.800
14152	733.900
14160	733.900
14196	733.900
14220	733.900
14263	733.900
14283	733.900
14284	733.900
14362	733.900
14425	733.900
14466	733.900
14498	733.900
14049	734.000
14050	734.000
14091	734.000
14119	734.000
14167	734.000
14172	734.000
14222	734.000
14302	734.000
14426	734.000
14090	734.100
14145	734.100
14147	734.100
14191	734.100
14192	734.100
14199	734.100
14211	734.100
14235	734.100
14262	734.100
14333	734.100
14347	734.100
14403	734.100
14445	734.100
14457	734.100
14472	734.100
14477	734.100
14042	734.200
14092	734.200
14117	734.200
14197	734.200
14203	734.200
14234	734.200
14255	734.200
14286	734.200
14307	734.200
14343	734.200
14346	734.200
14350	734.200
14364	734.200
14455	734.200
14500	734.200
14057	734.300
14098	734.300
14104	734.300
14110	734.300
14114	734.300
14128	734.300
14140	734.300
14141	734.300
14157	734.300
14228	734.300
14279	734.300
14304	734.300
14313	734.300
14356	734.300
14357	734.300
14361	734.300
14376	734.300
14384	734.300
14385	734.300
14474	734.300
14481	734.300
14493	734.300
14053	734.400
14064	734.400
14080	734.400
14102	734.400
14111	734.400
14125	734.400
14164	734.400
14165	734.400
14179	734.400
14193	734.400
14227	734.400
14275	734.400
14285	734.400
14311	734.400
14345	734.400
14374	734.400
14395	734.400
14435	734.400
14441	734.400
14460	734.400
14494	734.400
14495	734.400
14037	734.500
14054	734.500
14058	734.500
14062	734.500
14074	734.500
14076	734.500
14077	734.500
14088	734.500
14103	734.500
14108	734.500
14116	734.500
14120	734.500
14127	734.500
14135	734.500
14151	734.500
14189	734.500
14198	734.500
14201	734.500
14230	734.500
14240	734.500
14251	734.500
14265	734.500
14270	734.500
14288	734.500
14299	734.500
14319	734.500
14336	734.500
14344	734.500
14351	734.500
14373	734.500
14390	734.500
14391	734.500
14428	734.500
14045	734.600
14065	734.600
14085	734.600
14129	734.600
14166	734.600
14184	734.600
14190	734.600
14243	734.600
14258	734.600
14331	734.600
14337	734.600
14355	734.600
14369	734.600
14409	734.600
14453	734.600
14462	734.600
14468	734.600
14040	734.700
14079	734.700
14107	734.700
14113	734.700
14133	734.700
14155	734.700
14216	734.700
14277	734.700
14280	734.700
14291	734.700
14314	734.700
14320	734.700
14323	734.700
14334	734.700
14352	734.700
14382	734.700
14396	734.700
14423	734.700
14446	734.700
14456	734.700
14491	734.700
14518	734.700
14048	734.800
14051	734.800
14060	734.800
14089	734.800
14109	734.800
14138	734.800
14139	734.800
14153	734.800
14185	734.800
14202	734.800
14213	734.800
14247	734.800
14254	734.800
14266	734.800
14287	734.800
14312	734.800
14315	734.800
14318	734.800
14321	734.800
14354	734.800
14398	734.800
14439	734.800
14447	734.800
14449	734.800
14451	734.800
14461	734.800
14475	734.800
14479	734.800
14492	734.800
14505	734.800
14052	734.900
14072	734.900
14099	734.900
14100	734.900
14101	734.900
14112	734.900
14178	734.900
14244	734.900
14252	734.900
14264	734.900
14329	734.900
14349	734.900
14363	734.900
14380	734.900
14393	734.900
14397	734.900
14401	734.900
14433	734.900
14438	734.900
14448	734.900
14463	734.900
14480	734.900
14503	734.900
14506	734.900
14508	734.900
14515	734.900
14516	734.900
14039	735.000
14078	735.000
14083	735.000
14158	735.000
14169	735.000
14170	735.000
14225	735.000
14241	735.000
14250	735.000
14268	735.000
14274	735.000
14278	735.000
14296	735.000
14297	735.000
14301	735.000
14348	735.000
14367	735.000
14377	735.000
14399	735.000
14404	735.000
14417	735.000
14483	735.000
14511	735.000
14041	735.100
14061	735.100
14093	735.100
14144	735.100
14148	735.100
14159	735.100
14204	735.100
14207	735.100
14209	735.100
14210	735.100
14276	735.100
14289	735.100
14290	735.100
14309	735.100
14322	735.100
14366	735.100
14436	735.100
14442	735.100
14464	735.100
14490	735.100
14071	735.200
14082	735.200
14096	735.200
14122	735.200
14146	735.200
14156	735.200
14221	735.200
14232	735.200
14239	735.200
14253	735.200
14300	735.200
14308	735.200
14310	735.200
14325	735.200
14370	735.200
14408	735.200
14410	735.200
14415	735.200
14418	735.200
14420	735.200
14443	735.200
14459	735.200
14512	735.200
14517	735.200
14036	735.300
14043	735.300
14067	735.300
14173	735.300
14175	735.300
14177	735.300
14181	735.300
14215	735.300
14229	735.300
14269	735.300
14386	735.300
14388	735.300
14434	735.300
14454	735.300
14465	735.300
14467	735.300
14482	735.300
14489	735.300
14509	735.300
14097	735.400
14123	735.400
14168	735.400
14208	735.400
14233	735.400
14293	735.400
14303	735.400
14316	735.400
14330	735.400
14340	735.400
14341	735.400
14353	735.400
14359	735.400
14413	735.400
14437	735.400
14450	735.400
14469	735.400
14063	735.500
14073	735.500
14087	735.500
14171	735.500
14182	735.500
14188	735.500
14217	735.500
14249	735.500
14272	735.500
14282	735.500
14327	735.500
14332	735.500
14335	735.500
14372	735.500
14430	735.500
14476	735.500
14499	735.500
14047	735.600
14106	735.600
14132	735.600
14142	735.600
14176	735.600
14223	735.600
14375	735.600
14383	735.600
14422	735.600
14519	735.600
14068	735.700
14118	735.700
14130	735.700
14257	735.700
14486	735.700
14497	735.700
14143	735.800
14195	735.800
14206	735.800
14231	735.800
14236	735.800
14248	735.800
14294	735.800
14295	735.800
14317	735.800
14379	735.800
14387	735.800
14402	735.800
14444	735.800
14452	735.800
14487	735.800
14186	735.900
14205	735.900
14273	735.900
14281	735.900
14326	735.900
14389	735.900
14406	735.900
14407	735.900
14432	735.900
14484	735.900
14507	735.900
14510	735.900
14069	736.000
14086	736.000
14094	736.000
14245	736.000
14504	736.000
14137	736.100
14161	736.100
14200	736.100
14242	736.100
14267	736.100
14328	736.100
14365	736.100
14378	736.100
14427	736.100
14485	736.100
14121	736.200
14124	736.200
14219	736.200
14226	736.200
14256	736.200
14371	736.200
14429	736.200
14478	736.200
14131	736.300
14163	736.300
14183	736.300
14360	736.300
14431	736.300
14513	736.300
14038	736.400
14095	736.400
14246	736.400
14306	736.400
14400	736.400
14502	736.400
14115	736.500
14136	736.500
14154	736.500
14339	736.500
14070	736.600
14174	736.600
14342	736.600
14324	736.700
14425	737.200
14211	738.300
14125	738.700
14421	738.800
14362	739.100
14225	739.200
14414	739.200
14257	739.400
14259	739.400
14359	739.400
14206	739.600
14430	739.600
14155	739.900
14504	742.600
14219	743.000
14094	743.100
14284	743.100
14458	743.100
14152	743.200
14416	743.200
14038	743.300
14328	743.300
14426	743.300
14281	743.400
14379	743.400
14406	743.400
14476	743.400
14310	743.500
14313	743.500
14070	743.600
14157	743.600
14171	743.600
14181	743.600
14226	743.600
14256	743.600
14260	743.600
14271	743.600
14317	743.600
14371	743.600
14375	743.600
14412	743.600
14445	743.600
14513	743.600
14121	743.700
14146	743.700
14267	743.700
14095	743.800
14115	743.800
14149	743.800
14161	743.800
14176	743.800
14273	743.800
14360	743.800
14387	743.800
14054	743.900
14127	743.900
14134	743.900
14136	743.900
14143	743.900
14162	743.900
14182	743.900
14203	743.900
14242	743.900
14300	743.900
14330	743.900
14336	743.900
14365	743.900
14376	743.900
14478	743.900
14065	744.000
14069	744.000
14110	744.000
14131	744.000
14154	744.000
14194	744.000
14205	744.000
14211	744.000
14224	744.000
14246	744.000
14249	744.000
14324	744.000
14386	744.000
14402	744.000
14405	744.000
14452	744.000
14510	744.000
14063	744.100
14124	744.100
14137	744.100
14173	744.100
14175	744.100
14199	744.100
14210	744.100
14217	744.100
14220	744.100
14266	744.100
14303	744.100
14305	744.100
14306	744.100
14364	744.100
14414	744.100
14497	744.100
14500	744.100
14502	744.100
14507	744.100
14514	744.100
14056	744.200
14123	744.200
14142	744.200
14218	744.200
14227	744.200
14258	744.200
14299	744.200
14340	744.200
14370	744.200
14384	744.200
14422	744.200
14427	744.200
14431	744.200
14438	744.200
14460	744.200
14473	744.200
14488	744.200
14045	744.300
14059	744.300
14086	744.300
14165	744.300
14170	744.300
14188	744.300
14209	744.300
14236	744.300
14247	744.300
14251	744.300
14257	744.300
14265	744.300
14294	744.300
14297	744.300
14298	744.300
14342	744.300
14347	744.300
14378	744.300
14383	744.300
14390	744.300
14394	744.300
14397	744.300
14401	744.300
14420	744.300
14421	744.300
14429	744.300
14441	744.300
14443	744.300
14456	744.300
14485	744.300
14492	744.300
14501	744.300
14505	744.300
14520	744.300
14042	744.400
14047	744.400
14066	744.400
14080	744.400
14106	744.400
14132	744.400
14156	744.400
14163	744.400
14166	744.400
14174	744.400
14186	744.400
14195	744.400
14200	744.400
14225	744.400
14239	744.400
14240	744.400
14259	744.400
14264	744.400
14276	744.400
14287	744.400
14314	744.400
14316	744.400
14322	744.400
14326	744.400
14335	744.400
14338	744.400
14339	744.400
14381	744.400
14388	744.400
14389	744.400
14400	744.400
14409	744.400
14418	744.400
14457	744.400
14465	744.400
14517	744.400
14039	744.500
14068	744.500
14079	744.500
14084	744.500
14098	744.500
14118	744.500
14125	744.500
14130	744.500
14144	744.500
14145	744.500
14167	744.500
14183	744.500
14192	744.500
14196	744.500
14222	744.500
14235	744.500
14245	744.500
14253	744.500
14286	744.500
14315	744.500
14320	744.500
14345	744.500
14359	744.500
14380	744.500
14410	744.500
14430	744.500
14433	744.500
14464	744.500
14469	744.500
14480	744.500
14491	744.500
14495	744.500
14498	744.500
14043	744.600
14046	744.600
14058	744.600
14101	744.600
14109	744.600
14120	744.600
14133	744.600
14135	744.600
14148	744.600
14151	744.600
14184	744.600
14187	744.600
14223	744.600
14229	744.600
14250	744.600
14261	744.600
14263	744.600
14270	744.600
14278	744.600
14290	744.600
14312	744.600
14332	744.600
14344	744.600
14358	744.600
14362	744.600
14363	744.600
14368	744.600
14372	744.600
14373	744.600
14377	744.600
14424	744.600
14432	744.600
14454	744.600
14463	744.600
14466	744.600
14471	744.600
14474	744.600
14481	744.600
14484	744.600
14487	744.600
14499	744.600
14509	744.600
14055	744.700
14064	744.700
14073	744.700
14090	744.700
14091	744.700
14105	744.700
14111	744.700
14113	744.700
14129	744.700
14155	744.700
14158	744.700
14169	744.700
14178	744.700
14179	744.700
14197	744.700
14208	744.700
14214	744.700
14241	744.700
14262	744.700
14295	744.700
14329	744.700
14350	744.700
14352	744.700
14382	744.700
14392	744.700
14407	744.700
14419	744.700
14423	744.700
14435	744.700
14459	744.700
14462	744.700
14470	744.700
14490	744.700
14503	744.700
14040	744.800
14048	744.800
14076	744.800
14097	744.800
14107	744.800
14112	744.800
14126	744.800
14139	744.800
14147	744.800
14160	744.800
14193	744.800
14207	744.800
14244	744.800
14248	744.800
14268	744.800
14283	744.800
14288	744.800
14318	744.800
14327	744.800
14331	744.800
14366	744.800
14395	744.800
14413	744.800
14437	744.800
14444	744.800
14519	744.800
14036	744.900
14041	744.900
14044	744.900
14052	744.900
14061	744.900
14062	744.900
14074	744.900
14078	744.900
14088	744.900
14092	744.900
14093	744.900
14096	744.900
14099	744.900
14114	744.900
14128	744.900
14140	744.900
14164	744.900
14168	744.900
14177	744.900
14201	744.900
14202	744.900
14206	744.900
14212	744.900
14221	744.900
14231	744.900
14233	744.900
14252	744.900
14277	744.900
14289	744.900
14399	744.900
14415	744.900
14425	744.900
14440	744.900
14442	744.900
14447	744.900
14450	744.900
14475	744.900
14477	744.900
14482	744.900
14483	744.900
14486	744.900
14489	744.900
14493	744.900
14512	744.900
14515	744.900
14050	745.000
14051	745.000
14053	745.000
14060	745.000
14082	745.000
14085	745.000
14089	745.000
14117	745.000
14122	745.000
14150	745.000
14159	745.000
14215	745.000
14237	745.000
14243	745.000
14274	745.000
14275	745.000
14282	745.000
14285	745.000
14321	745.000
14348	745.000
14353	745.000
14354	745.000
14369	745.000
14434	745.000
14436	745.000
14449	745.000
14461	745.000
14467	745.000
14479	745.000
14516	745.000
14071	745.100
14077	745.100
14083	745.100
14104	745.100
14153	745.100
14216	745.100
14255	745.100
14269	745.100
14272	745.100
14292	745.100
14301	745.100
14304	745.100
14307	745.100
14319	745.100
14323	745.100
14334	745.100
14337	745.100
14341	745.100
14367	745.100
14398	745.100
14403	745.100
14439	745.100
14472	745.100
14511	745.100
14518	745.100
14037	745.200
14049	745.200
14067	745.200
14072	745.200
14081	745.200
14087	745.200
14100	745.200
14116	745.200
14141	745.200
14189	745.200
14191	745.200
14228	745.200
14234	745.200
14280	745.200
14293	745.200
14296	745.200
14325	745.200
14333	745.200
14355	745.200
14391	745.200
14393	745.200
14404	745.200
14408	745.200
14411	745.200
14417	745.200
14428	745.200
14455	745.200
14496	745.200
14504	745.200
14508	745.200
14057	745.300
14102	745.300
14180	745.300
14190	745.300
14204	745.300
14213	745.300
14232	745.300
14238	745.300
14302	745.300
14311	745.300
14343	745.300
14349	745.300
14351	745.300
14356	745.300
14374	745.300
14385	745.300
14396	745.300
14506	745.300
14075	745.400
14103	745.400
14172	745.400
14185	745.400
14198	745.400
14254	745.400
14279	745.400
14346	745.400
14448	745.400
14468	745.400
14108	745.500
14138	745.500
14230	745.500
14291	745.500
14308	745.500
14357	745.500
14361	745.500
14446	745.500
14453	745.500
14494	745.500
14451	745.600
14094	745.700
14119	745.700
14152	745.700
14219	745.700
14309	745.700
14416	745.700
14458	745.700
14284	745.800
14426	745.800
14281	745.900
14328	745.900
14406	745.900
14038	746.000
14379	746.000
14513	746.000
14226	746.100
14256	746.100
14313	746.100
14317	746.100
14412	746.100
14476	746.100
14070	746.200
14146	746.200
14157	746.200
14181	746.200
14260	746.200
14271	746.200
14310	746.200
14371	746.200
14445	746.200
14115	746.300
14121	746.300
14161	746.300
14095	746.400
14171	746.400
14376	746.400
14387	746.400
14478	746.400
14136	746.500
14203	746.500
14242	746.500
14246	746.500
14267	746.500
14375	746.500
14510	746.500
14131	746.600
14176	746.600
14300	746.600
14386	746.700
14175	747.500
14425	748.300
14127	748.400
14211	748.600
14054	748.700
14155	748.700
14162	748.700
14305	748.700
14456	748.700
14070	748.800
14273	748.800
14284	748.800
14365	748.800
14056	748.900
14219	748.900
14401	748.900
14505	748.900
14134	749.000
14146	749.000
14161	749.000
14194	749.000
14310	749.000
14336	749.000
14340	749.000
14359	749.000
14360	749.000
14362	749.000
14390	749.000
14414	749.000
14441	749.000
14455	749.000
14069	749.100
14094	749.100
14121	749.100
14152	749.100
14226	749.100
14260	749.100
14264	749.100
14281	749.100
14313	749.100
14406	749.100
14426	749.100
14095	749.200
14120	749.200
14142	749.200
14149	749.200
14165	749.200
14199	749.200
14220	749.200
14256	749.200
14347	749.200
14371	749.200
14376	749.200
14445	749.200
14475	749.200
14476	749.200
14119	749.300
14125	749.300
14170	749.300
14203	749.300
14265	749.300
14328	749.300
14397	749.300
14412	749.300
14416	749.300
14429	749.300
14115	749.400
14171	749.400
14176	749.400
14201	749.400
14299	749.400
14379	749.400
14380	749.400
14478	749.400
14485	749.400
14046	749.500
14157	749.500
14169	749.500
14224	749.500
14242	749.500
14271	749.500
14364	749.500
14421	749.500
14469	749.500
14510	749.500
14513	749.500
14059	749.600
14105	749.600
14130	749.600
14131	749.600
14145	749.600
14181	749.600
14182	749.600
14366	749.600
14368	749.600
14391	749.600
14405	749.600
14473	749.600
14501	749.600
14504	749.600
14053	749.700
14086	749.700
14210	749.700
14246	749.700
14259	749.700
14276	749.700
14287	749.700
14339	749.700
14350	749.700
14370	749.700
14384	749.700
14458	749.700
14460	749.700
14068	749.800
14074	749.800
14140	749.800
14189	749.800
14230	749.800
14254	749.800
14266	749.800
14280	749.800
14373	749.800
14387	749.800
14407	749.800
14420	749.800
14452	749.800
14500	749.800
14038	749.900
14058	749.900
14063	749.900
14190	749.900
14191	749.900
14247	749.900
14258	749.900
14422	749.900
14077	750.000
14080	750.000
14136	750.000
14238	750.000
14240	750.000
14262	750.000
14285	750.000
14309	750.000
14317	750.000
14337	750.000
14382	750.000
14392	750.000
14492	750.000
14064	750.100
14214	750.100
14249	750.100
14255	750.100
14267	750.100
14311	750.100
14332	750.100
14386	750.100
14449	750.100
14462	750.100
14516	750.100
14123	750.200
14124	750.200
14144	750.200
14237	750.200
14443	750.200
14066	750.300
14257	750.300
14261	750.300
14288	750.300
14348	750.300
14430	750.300
14496	750.300
14099	750.400
14212	750.400
14241	750.400
14324	750.400
14325	750.400
14481	750.500
14519	750.500
14446	759.200
14196	759.400
14251	759.400
14342	759.400
14385	759.600
14194	759.700
14297	759.700
14438	759.800
14452	759.800
14093	759.900
14172	759.900
14187	759.900
14192	759.900
14380	759.900
14416	759.900
14066	760.000
14131	760.000
14176	760.000
14197	760.000
14199	760.000
14209	760.000
14306	760.000
14387	760.000
14042	760.100
14062	760.100
14133	760.100
14137	760.100
14141	760.100
14227	760.100
14242	760.100
14333	760.100
14362	760.100
14370	760.100
14400	760.100
14461	760.100
14481	760.100
14495	760.100
14496	760.100
14504	760.100
14070	760.200
14071	760.200
14073	760.200
14076	760.200
14091	760.200
14098	760.200
14100	760.200
14127	760.200
14166	760.200
14203	760.200
14222	760.200
14240	760.200
14249	760.200
14257	760.200
14259	760.200
14263	760.200
14276	760.200
14285	760.200
14313	760.200
14339	760.200
14356	760.200
14365	760.200
14392	760.200
14397	760.200
14406	760.200
14458	760.200
14459	760.200
14485	760.200
14487	760.200
14056	760.300
14087	760.300
14094	760.300
14097	760.300
14110	760.300
14115	760.300
14124	760.300
14136	760.300
14146	760.300
14164	760.300
14165	760.300
14167	760.300
14177	760.300
14182	760.300
14184	760.300
14188	760.300
14210	760.300
14214	760.300
14217	760.300
14219	760.300
14220	760.300
14221	760.300
14225	760.300
14226	760.300
14239	760.300
14258	760.300
14266	760.300
14270	760.300
14296	760.300
14300	760.300
14302	760.300
14320	760.300
14337	760.300
14340	760.300
14349	760.300
14361	760.300
14371	760.300
14402	760.300
14422	760.300
14431	760.300
14463	760.300
14471	760.300
14473	760.300
14513	760.300
14038	760.400
14039	760.400
14050	760.400
14085	760.400
14089	760.400
14099	760.400
14116	760.400
14129	760.400
14138	760.400
14153	760.400
14171	760.400
14173	760.400
14179	760.400
14181	760.400
14190	760.400
14191	760.400
14223	760.400
14230	760.400
14241	760.400
14245	760.400
14250	760.400
14265	760.400
14275	760.400
14287	760.400
14291	760.400
14293	760.400
14299	760.400
14310	760.400
14318	760.400
14322	760.400
14324	760.400
14329	760.400
14348	760.400
14351	760.400
14359	760.400
14382	760.400
14388	760.400
14394	760.400
14396	760.400
14405	760.400
14411	760.400
14412	760.400
14414	760.400
14426	760.400
14430	760.400
14443	760.400
14445	760.400
14456	760.400
14457	760.400
14465	760.400
14466	760.400
14497	760.400
14501	760.400
14502	760.400
14503	760.400
14510	760.400
14520	760.400
14052	760.500
14059	760.500
14060	760.500
14069	760.500
14072	760.500
14080	760.500
14096	760.500
14106	760.500
14109	760.500
14111	760.500
14117	760.500
14121	760.500
14134	760.500
14140	760.500
14148	760.500
14150	760.500
14151	760.500
14158	760.500
14174	760.500
14180	760.500
14208	760.500
14211	760.500
14212	760.500
14238	760.500
14246	760.500
14253	760.500
14260	760.500
14261	760.500
14269	760.500
14271	760.500
14274	760.500
14281	760.500
14286	760.500
14288	760.500
14295	760.500
14303	760.500
14314	760.500
14315	760.500
14330	760.500
14332	760.500
14347	760.500
14360	760.500
14363	760.500
14364	760.500
14372	760.500
14373	760.500
14377	760.500
14395	760.500
14409	760.500
14421	760.500
14440	760.500
14442	760.500
14476	760.500
14478	760.500
14488	760.500
14490	760.500
14507	760.500
14516	760.500
14519	760.500
14046	760.600
14048	760.600
14051	760.600
14057	760.600
14058	760.600
14063	760.600
14064	760.600
14067	760.600
14068	760.600
14074	760.600
14078	760.600
14079	760.600
14090	760.600
14095	760.600
14105	760.600
14114	760.600
14123	760.600
14128	760.600
14135	760.600
14144	760.600
14152	760.600
14154	760.600
14161	760.600
14169	760.600
14186	760.600
14189	760.600
14193	760.600
14218	760.600
14237	760.600
14243	760.600
14254	760.600
14256	760.600
14264	760.600
14280	760.600
14282	760.600
14283	760.600
14305	760.600
14316	760.600
14319	760.600
14325	760.600
14341	760.600
14343	760.600
14358	760.600
14375	760.600
14379	760.600
14384	760.600
14386	760.600
14390	760.600
14393	760.600
14423	760.600
14437	760.600
14449	760.600
14462	760.600
14464	760.600
14468	760.600
14489	760.600
14493	760.600
14498	760.600
14045	760.700
14054	760.700
14061	760.700
14075	760.700
14082	760.700
14083	760.700
14092	760.700
14108	760.700
14126	760.700
14139	760.700
14143	760.700
14155	760.700
14156	760.700
14159	760.700
14163	760.700
14175	760.700
14178	760.700
14185	760.700
14195	760.700
14198	760.700
14201	760.700
14216	760.700
14252	760.700
14255	760.700
14262	760.700
14268	760.700
14273	760.700
14284	760.700
14294	760.700
14298	760.700
14311	760.700
14312	760.700
14317	760.700
14344	760.700
14346	760.700
14350	760.700
14366	760.700
14374	760.700
14376	760.700
14383	760.700
14419	760.700
14427	760.700
14432	760.700
14441	760.700
14448	760.700
14450	760.700
14454	760.700
14469	760.700
14472	760.700
14477	760.700
14491	760.700
14494	760.700
14499	760.700
14505	760.700
14517	760.700
14037	760.800
14053	760.800
14055	760.800
14065	760.800
14081	760.800
14088	760.800
14101	760.800
14103	760.800
14107	760.800
14113	760.800
14120	760.800
14125	760.800
14142	760.800
14145	760.800
14157	760.800
14160	760.800
14162	760.800
14168	760.800
14183	760.800
14202	760.800
14206	760.800
14207	760.800
14213	760.800
14232	760.800
14290	760.800
14292	760.800
14308	760.800
14328	760.800
14334	760.800
14336	760.800
14338	760.800
14354	760.800
14355	760.800
14367	760.800
14368	760.800
14398	760.800
14408	760.800
14413	760.800
14417	760.800
14434	760.800
14435	760.800
14444	760.800
14470	760.800
14479	760.800
14500	760.800
14508	760.800
14511	760.800
14518	760.800
14040	760.900
14043	760.900
14044	760.900
14047	760.900
14112	760.900
14119	760.900
14122	760.900
14147	760.900
14149	760.900
14170	760.900
14224	760.900
14228	760.900
14229	760.900
14234	760.900
14272	760.900
14307	760.900
14321	760.900
14323	760.900
14327	760.900
14331	760.900
14345	760.900
14352	760.900
14353	760.900
14369	760.900
14389	760.900
14391	760.900
14403	760.900
14418	760.900
14424	760.900
14429	760.900
14447	760.900
14451	760.900
14453	760.900
14460	760.900
14474	760.900
14475	760.900
14483	760.900
14492	760.900
14506	760.900
14514	760.900
14036	761.000
14049	761.000
14077	761.000
14086	761.000
14104	761.000
14130	761.000
14205	761.000
14215	761.000
14233	761.000
14235	761.000
14247	761.000
14248	761.000
14267	761.000
14279	761.000
14301	761.000
14304	761.000
14335	761.000
14357	761.000
14381	761.000
14399	761.000
14401	761.000
14407	761.000
14425	761.000
14428	761.000
14433	761.000
14436	761.000
14455	761.000
14480	761.000
14509	761.000
14512	761.000
14515	761.000
14041	761.100
14084	761.100
14132	761.100
14204	761.100
14277	761.100
14278	761.100
14378	761.100
14415	761.100
14420	761.100
14439	761.100
14486	761.100
14102	761.200
14200	761.200
14244	761.200
14289	761.200
14309	761.200
14326	761.200
14410	761.200
14467	761.200
14118	761.300
14404	761.300
14484	761.300
14482	761.400
14236	761.500
14231	761.700
14446	761.700
14196	761.800
14251	761.900
14342	762.000
14194	762.100
14192	762.200
14297	762.200
14438	762.200
14093	762.300
14416	762.300
14131	762.400
14172	762.400
14187	762.400
14209	762.400
14306	762.400
14380	762.400
14385	762.400
14387	762.400
14137	762.500
14141	762.500
14197	762.500
14199	762.500
14362	762.500
14400	762.500
14452	762.500
14496	762.500
14504	762.500
14042	762.600
14070	762.600
14091	762.600
14176	762.600
14203	762.600
14481	762.600
14485	762.600
14165	762.700
14276	762.700
14397	762.700
14458	762.700
14098	762.800
14221	762.800
14263	762.800
14339	762.800
14340	762.800
14099	762.900
14242	762.900
14287	762.900
14300	762.900
14100	763.000
14127	763.000
14167	763.000
14211	763.000
14456	763.000
14510	763.000
14246	763.100
14259	763.100
14305	763.100
14310	763.100
14260	763.200
14121	763.300
14219	763.400
14414	763.600
14110	763.700
14155	763.700
14161	763.700
14258	763.700
14359	763.700
14370	763.700
14371	763.700
14406	763.800
14094	763.900
14124	763.900
14169	763.900
14223	763.900
14281	764.000
14225	764.100
14299	764.100
14365	764.100
14412	764.100
14487	764.100
14046	764.200
14056	764.200
14105	764.200
14125	764.200
14152	764.200
14157	764.200
14175	764.200
14184	764.200
14226	764.200
14421	764.200
14425	764.200
14115	764.300
14129	764.300
14149	764.300
14220	764.300
14247	764.300
14336	764.300
14366	764.300
14401	764.300
14420	764.300
14423	764.300
14080	764.400
14120	764.400
14171	764.400
14240	764.400
14249	764.400
14256	764.400
14270	764.400
14284	764.400
14290	764.400
14460	764.400
14473	764.400
14505	764.400
14054	764.500
14212	764.500
14265	764.500
14332	764.500
14337	764.500
14347	764.500
14360	764.500
14405	764.500
14430	764.500
14445	764.500
14446	764.500
14477	764.500
14500	764.500
14059	764.600
14068	764.600
14135	764.600
14162	764.600
14289	764.600
14326	764.600
14372	764.600
14392	764.600
14475	764.600
14065	764.700
14066	764.700
14130	764.700
14166	764.700
14170	764.700
14239	764.700
14273	764.700
14280	764.700
14333	764.700
14341	764.700
14364	764.700
14376	764.700
14382	764.700
14391	764.700
14426	764.700
14461	764.700
14469	764.700
14492	764.700
14501	764.700
14509	764.700
14074	764.800
14095	764.800
14146	764.800
14164	764.800
14201	764.800
14227	764.800
14241	764.800
14257	764.800
14261	764.800
14303	764.800
14311	764.800
14313	764.800
14322	764.800
14368	764.800
14373	764.800
14463	764.800
14507	764.800
14038	764.900
14043	764.900
14052	764.900
14062	764.900
14079	764.900
14134	764.900
14189	764.900
14224	764.900
14238	764.900
14245	764.900
14251	764.900
14266	764.900
14271	764.900
14315	764.900
14379	764.900
14410	764.900
14435	764.900
14449	764.900
14459	764.900
14462	764.900
14519	764.900
14072	765.000
14073	765.000
14093	765.000
14109	765.000
14145	765.000
14151	765.000
14158	765.000
14190	765.000
14214	765.000
14217	765.000
14243	765.000
14288	765.000
14306	765.000
14320	765.000
14325	765.000
14350	765.000
14390	765.000
14422	765.000
14441	765.000
14503	765.000
14039	765.100
14087	765.100
14154	765.100
14172	765.100
14194	765.100
14195	765.100
14199	765.100
14235	765.100
14255	765.100
14275	765.100
14297	765.100
14312	765.100
14318	765.100
14327	765.100
14330	765.100
14362	765.100
14380	765.100
14419	765.100
14457	765.100
14464	765.100
14493	765.100
14070	765.200
14076	765.200
14078	765.200
14123	765.200
14126	765.200
14144	765.200
14181	765.200
14196	765.200
14262	765.200
14285	765.200
14296	765.200
14324	765.200
14349	765.200
14385	765.200
14386	765.200
14429	765.200
14488	765.200
14518	765.200
14042	765.300
14045	765.300
14106	765.300
14131	765.300
14192	765.300
14237	765.300
14286	765.300
14298	765.300
14416	765.300
14442	765.300
14465	765.300
14478	765.300
14480	765.300
14490	765.300
14496	765.300
14498	765.300
14504	765.300
14508	765.300
14036	765.400
14063	765.400
14139	765.400
14177	765.400
14203	765.400
14210	765.400
14222	765.400
14248	765.400
14252	765.400
14293	765.400
14304	765.400
14342	765.400
14363	765.400
14384	765.400
14394	765.400
14400	765.400
14438	765.400
14474	765.400
14491	765.400
14047	765.500
14048	765.500
14083	765.500
14096	765.500
14097	765.500
14142	765.500
14176	765.500
14191	765.500
14264	765.500
14314	765.500
14331	765.500
14375	765.500
14443	765.500
14466	765.500
14067	765.600
14153	765.600
14165	765.600
14182	765.600
14276	765.600
14335	765.600
14338	765.600
14343	765.600
14387	765.600
14388	765.600
14407	765.600
14489	765.600
14499	765.600
14138	765.700
14292	765.700
14358	765.700
14398	765.700
14433	765.700
14434	765.700
14448	765.700
14133	765.800
14334	765.800
14383	765.800
14455	765.800
14481	765.800
14058	765.900
14174	765.900
14187	765.900
14215	765.900
14040	766.000
14399	766.100
14287	766.200
14357	766.200
14458	766.200
14340	766.300
14456	766.300
14356	766.400
14397	767.200
14300	779.000
14504	779.000
14470	779.100
14187	779.200
14070	779.300
14091	779.300
14259	779.300
14312	779.300
14348	779.300
14050	779.400
14081	779.400
14111	779.400
14136	779.400
14146	779.400
14192	779.400
14219	779.400
14226	779.400
14340	779.400
14362	779.400
14365	779.400
14416	779.400
14458	779.400
14510	779.400
14038	779.500
14066	779.500
14098	779.500
14131	779.500
14165	779.500
14171	779.500
14178	779.500
14182	779.500
14197	779.500
14211	779.500
14222	779.500
14227	779.500
14242	779.500
14243	779.500
14285	779.500
14339	779.500
14344	779.500
14380	779.500
14397	779.500
14445	779.500
14466	779.500
14063	779.600
14080	779.600
14133	779.600
14137	779.600
14157	779.600
14176	779.600
14186	779.600
14237	779.600
14239	779.600
14249	779.600
14283	779.600
14305	779.600
14310	779.600
14319	779.600
14393	779.600
14418	779.600
14419	779.600
14454	779.600
14456	779.600
14461	779.600
14464	779.600
14472	779.600
14487	779.600
14496	779.600
14044	779.700
14054	779.700
14082	779.700
14090	779.700
14116	779.700
14179	779.700
14194	779.700
14203	779.700
14221	779.700
14225	779.700
14250	779.700
14252	779.700
14260	779.700
14263	779.700
14273	779.700
14277	779.700
14316	779.700
14347	779.700
14351	779.700
14387	779.700
14409	779.700
14428	779.700
14431	779.700
14437	779.700
14452	779.700
14471	779.700
14473	779.700
14485	779.700
14488	779.700
14498	779.700
14503	779.700
14506	779.700
14507	779.700
14513	779.700
14520	779.700
14039	779.800
14051	779.800
14053	779.800
14064	779.800
14069	779.800
14083	779.800
14085	779.800
14088	779.800
14095	779.800
14096	779.800
14097	779.800
14113	779.800
14121	779.800
14126	779.800
14127	779.800
14128	779.800
14134	779.800
14148	779.800
14152	779.800
14153	779.800
14154	779.800
14158	779.800
14163	779.800
14174	779.800
14196	779.800
14209	779.800
14212	779.800
14218	779.800
14228	779.800
14256	779.800
14257	779.800
14270	779.800
14278	779.800
14281	779.800
14286	779.800
14297	779.800
14298	779.800
14299	779.800
14303	779.800
14321	779.800
14324	779.800
14325	779.800
14329	779.800
14331	779.800
14334	779.800
14337	779.800
14355	779.800
14359	779.800
14363	779.800
14384	779.800
14385	779.800
14390	779.800
14394	779.800
14395	779.800
14402	779.800
14406	779.800
14411	779.800
14412	779.800
14422	779.800
14427	779.800
14430	779.800
14438	779.800
14441	779.800
14457	779.800
14478	779.800
14492	779.800
14497	779.800
14516	779.800
14040	779.900
14043	779.900
14056	779.900
14060	779.900
14062	779.900
14079	779.900
14089	779.900
14099	779.900
14100	779.900
14105	779.900
14109	779.900
14112	779.900
14114	779.900
14119	779.900
14124	779.900
14132	779.900
14140	779.900
14141	779.900
14147	779.900
14149	779.900
14159	779.900
14161	779.900
14166	779.900
14172	779.900
14177	779.900
14181	779.900
14185	779.900
14195	779.900
14199	779.900
14208	779.900
14224	779.900
14230	779.900
14232	779.900
14235	779.900
14238	779.900
14245	779.900
14251	779.900
14262	779.900
14265	779.900
14266	779.900
14284	779.900
14287	779.900
14288	779.900
14290	779.900
14302	779.900
14304	779.900
14315	779.900
14328	779.900
14332	779.900
14333	779.900
14336	779.900
14342	779.900
14345	779.900
14354	779.900
14358	779.900
14360	779.900
14369	779.900
14370	779.900
14371	779.900
14373	779.900
14375	779.900
14379	779.900
14388	779.900
14399	779.900
14401	779.900
14403	779.900
14432	779.900
14433	779.900
14446	779.900
14462	779.900
14508	779.900
14041	780.000
14047	780.000
14048	780.000
14049	780.000
14055	780.000
14058	780.000
14074	780.000
14076	780.000
14092	780.000
14104	780.000
14107	780.000
14108	780.000
14125	780.000
14129	780.000
14144	780.000
14150	780.000
14151	780.000
14155	780.000
14156	780.000
14164	780.000
14167	780.000
14188	780.000
14190	780.000
14191	780.000
14207	780.000
14216	780.000
14229	780.000
14241	780.000
14246	780.000
14247	780.000
14268	780.000
14271	780.000
14279	780.000
14280	780.000
14292	780.000
14306	780.000
14307	780.000
14311	780.000
14314	780.000
14318	780.000
14330	780.000
14343	780.000
14349	780.000
14356	780.000
14367	780.000
14372	780.000
14374	780.000
14378	780.000
14405	780.000
14414	780.000
14421	780.000
14425	780.000
14429	780.000
14434	780.000
14435	780.000
14440	780.000
14449	780.000
14455	780.000
14459	780.000
14474	780.000
14477	780.000
14480	780.000
14481	780.000
14491	780.000
14494	780.000
14502	780.000
14505	780.000
14515	780.000
14517	780.000
14036	780.100
14042	780.100
14045	780.100
14052	780.100
14059	780.100
14061	780.100
14094	780.100
14101	780.100
14103	780.100
14115	780.100
14135	780.100
14145	780.100
14160	780.100
14170	780.100
14173	780.100
14183	780.100
14184	780.100
14189	780.100
14201	780.100
14204	780.100
14213	780.100
14214	780.100
14217	780.100
14220	780.100
14223	780.100
14234	780.100
14240	780.100
14248	780.100
14254	780.100
14255	780.100
14258	780.100
14264	780.100
14274	780.100
14275	780.100
14276	780.100
14282	780.100
14291	780.100
14313	780.100
14320	780.100
14322	780.100
14338	780.100
14346	780.100
14350	780.100
14353	780.100
14357	780.100
14361	780.100
14368	780.100
14376	780.100
14377	780.100
14382	780.100
14383	780.100
14386	780.100
14391	780.100
14392	780.100
14396	780.100
14400	780.100
14404	780.100
14417	780.100
14426	780.100
14439	780.100
14443	780.100
14450	780.100
14460	780.100
14465	780.100
14468	780.100
14475	780.100
14476	780.100
14479	780.100
14486	780.100
14490	780.100
14493	780.100
14501	780.100
14514	780.100
14037	780.200
14065	780.200
14067	780.200
14071	780.200
14075	780.200
14077	780.200
14078	780.200
14084	780.200
14087	780.200
14093	780.200
14110	780.200
14117	780.200
14118	780.200
14120	780.200
14122	780.200
14142	780.200
14162	780.200
14168	780.200
14169	780.200
14180	780.200
14193	780.200
14200	780.200
14205	780.200
14210	780.200
14233	780.200
14261	780.200
14269	780.200
14295	780.200
14296	780.200
14317	780.200
14341	780.200
14364	780.200
14398	780.200
14408	780.200
14410	780.200
14413	780.200
14424	780.200
14436	780.200
14442	780.200
14447	780.200
14448	780.200
14463	780.200
14483	780.200
14489	780.200
14499	780.200
14511	780.200
14512	780.200
14518	780.200
14519	780.200
14057	780.300
14072	780.300
14073	780.300
14086	780.300
14138	780.300
14139	780.300
14198	780.300
14202	780.300
14206	780.300
14215	780.300
14244	780.300
14267	780.300
14293	780.300
14308	780.300
14323	780.300
14352	780.300
14366	780.300
14381	780.300
14407	780.300
14444	780.300
14451	780.300
14467	780.300
14495	780.300
14500	780.300
14509	780.300
14046	780.400
14106	780.400
14130	780.400
14175	780.400
14236	780.400
14253	780.400
14289	780.400
14301	780.400
14327	780.400
14335	780.400
14389	780.400
14420	780.400
14423	780.400
14453	780.400
14469	780.400
14482	780.400
14068	780.500
14123	780.500
14272	780.500
14294	780.500
14309	780.500
14326	780.500
14415	780.500
14102	780.600
14143	780.600
14231	780.600
14484	780.600
14300	781.400
14504	781.400
14470	781.500
14187	781.600
14348	781.600
14070	781.700
14091	781.700
14192	781.700
14259	781.700
14340	781.700
14362	781.700
14081	781.800
14111	781.800
14136	781.800
14146	781.800
14211	781.800
14219	781.800
14312	781.800
14416	781.800
14458	781.800
14510	781.800
14038	781.900
14098	781.900
14131	781.900
14165	781.900
14197	781.900
14226	781.900
14227	781.900
14305	781.900
14339	781.900
14344	781.900
14365	781.900
14380	781.900
14080	782.000
14137	782.000
14186	782.000
14237	782.000
14285	782.000
14419	782.000
14456	782.000
14063	782.100
14082	782.200
14171	782.200
14221	782.200
14243	782.200
14445	782.200
14121	782.300
14203	782.300
14452	782.300
14473	782.300
14099	782.400
14157	782.500
14359	782.500
14054	782.600
14425	782.800
14127	782.900
14256	782.900
14260	782.900
14161	783.000
14155	783.200
14281	783.200
14310	783.200
14485	783.200
14487	783.200
14505	783.200
14120	783.300
14125	783.300
14225	783.300
14273	783.300
14299	783.300
14397	783.300
14412	783.300
14124	783.400
14201	783.400
14249	783.400
14401	783.400
14406	783.400
14414	783.400
14074	783.500
14094	783.500
14149	783.500
14175	783.500
14199	783.500
14240	783.500
14370	783.500
14105	783.600
14135	783.600
14182	783.600
14220	783.600
14224	783.600
14257	783.600
14290	783.600
14332	783.600
14336	783.600
14368	783.600
14426	783.600
14059	783.700
14065	783.700
14068	783.700
14126	783.700
14196	783.700
14239	783.700
14270	783.700
14271	783.700
14364	783.700
14405	783.700
14407	783.700
14429	783.700
14430	783.700
14461	783.700
14462	783.700
14509	783.700
14046	783.800
14079	783.800
14151	783.800
14152	783.800
14222	783.800
14223	783.800
14242	783.800
14247	783.800
14266	783.800
14276	783.800
14289	783.800
14352	783.800
14384	783.800
14387	783.800
14390	783.800
14392	783.800
14441	783.800
14469	783.800
14491	783.800
14496	783.800
14518	783.800
14043	783.900
14056	783.900
14073	783.900
14109	783.900
14141	783.900
14158	783.900
14170	783.900
14176	783.900
14190	783.900
14194	783.900
14258	783.900
14262	783.900
14306	783.900
14315	783.900
14334	783.900
14358	783.900
14360	783.900
14373	783.900
14376	783.900
14420	783.900
14423	783.900
14464	783.900
14488	783.900
14504	783.900
14078	784.000
14115	784.000
14140	784.000
14145	784.000
14154	784.000
14164	784.000
14169	784.000
14184	784.000
14189	784.000
14212	784.000
14229	784.000
14241	784.000
14248	784.000
14263	784.000
14265	784.000
14284	784.000
14292	784.000
14297	784.000
14300	784.000
14311	784.000
14322	784.000
14327	784.000
14337	784.000
14347	784.000
14363	784.000
14366	784.000
14371	784.000
14422	784.000
14492	784.000
14520	784.000
14039	784.100
14042	784.100
14045	784.100
14053	784.100
14066	784.100
14086	784.100
14106	784.100
14119	784.100
14134	784.100
14142	784.100
14178	784.100
14187	784.100
14195	784.100
14217	784.100
14235	784.100
14295	784.100
14320	784.100
14326	784.100
14338	784.100
14379	784.100
14382	784.100
14394	784.100
14437	784.100
14442	784.100
14457	784.100
14460	784.100
14463	784.100
14470	784.100
14475	784.100
14478	784.100
14489	784.100
14498	784.100
14503	784.100
14048	784.200
14091	784.200
14097	784.200
14129	784.200
14144	784.200
14162	784.200
14179	784.200
14181	784.200
14209	784.200
14230	784.200
14238	784.200
14251	784.200
14259	784.200
14261	784.200
14272	784.200
14318	784.200
14331	784.200
14340	784.200
14386	784.200
14393	784.200
14418	784.200
14434	784.200
14438	784.200
14455	784.200
14466	784.200
14474	784.200
14477	784.200
14479	784.200
14480	784.200
14490	784.200
14500	784.200
14501	784.200
14052	784.300
14070	784.300
14095	784.300
14110	784.300
14117	784.300
14130	784.300
14172	784.300
14192	784.300
14218	784.300
14219	784.300
14245	784.300
14264	784.300
14283	784.300
14288	784.300
14296	784.300
14312	784.300
14313	784.300
14314	784.300
14341	784.300
14354	784.300
14362	784.300
14391	784.300
14400	784.300
14421	784.300
14440	784.300
14483	784.300
14507	784.300
14041	784.400
14058	784.400
14062	784.400
14113	784.400
14123	784.400
14139	784.400
14165	784.400
14174	784.400
14191	784.400
14211	784.400
14214	784.400
14252	784.400
14280	784.400
14286	784.400
14298	784.400
14303	784.400
14325	784.400
14348	784.400
14365	784.400
14369	784.400
14372	784.400
14383	784.400
14399	784.400
14435	784.400
14493	784.400
14508	784.400
14519	784.400
14050	784.500
14077	784.500
14081	784.500
14100	784.500
14131	784.500
14205	784.500
14226	784.500
14237	784.500
14275	784.500
14330	784.500
14333	784.500
14342	784.500
14349	784.500
14350	784.500
14410	784.500
14458	784.500
14459	784.500
14465	784.500
14481	784.500
14499	784.500
14510	784.500
14516	784.500
14038	784.600
14055	784.600
14061	784.600
14096	784.600
14146	784.600
14148	784.600
14198	784.600
14250	784.600
14255	784.600
14307	784.600
14321	784.600
14344	784.600
14375	784.600
14377	784.600
14380	784.600
14416	784.600
14456	784.600
14468	784.600
14484	784.600
14517	784.600
14111	784.700
14137	784.700
14153	784.700
14166	784.700
14177	784.700
14186	784.700
14210	784.700
14227	784.700
14287	784.700
14328	784.700
14339	784.700
14345	784.700
14389	784.700
14395	784.700
14404	784.700
14409	784.700
14419	784.700
14044	784.800
14136	784.800
14143	784.800
14302	784.800
14357	784.800
14385	784.800
14448	784.800
14449	784.800
14116	784.900
14197	784.900
14244	784.900
14253	784.900
14285	784.900
14343	784.900
14396	784.900
14467	784.900
14502	784.900
14356	785.000
14040	785.100
14080	785.100
14128	785.100
14221	785.100
14411	785.100
14473	785.400
14137	799.500
14285	799.800
14458	799.900
14070	800.000
14081	800.000
14050	800.100
14339	800.100
14456	800.200
14466	800.200
14510	800.200
14146	800.300
14187	800.300
14256	800.300
14343	800.300
14380	800.400
14416	800.400
14186	800.600
14280	800.600
14468	800.600
14131	800.700
14166	800.700
14176	800.700
14226	800.700
14473	800.700
14148	800.800
14197	800.800
14222	800.800
14314	800.800
14437	800.800
14481	800.800
14059	800.900
14219	800.900
14302	800.900
14340	800.900
14371	800.900
14094	801.000
14111	801.000
14165	801.000
14249	801.000
14287	801.000
14360	801.000
14419	801.000
14115	801.100
14149	801.100
14179	801.100
14290	801.100
14298	801.100
14300	801.100
14313	801.100
14435	801.100
14501	801.100
14091	801.200
14095	801.200
14181	801.200
14192	801.200
14387	801.200
14418	801.200
14457	801.200
14520	801.200
14048	801.300
14196	801.300
14199	801.300
14227	801.300
14251	801.300
14255	801.300
14356	801.300
14386	801.300
14406	801.300
14411	801.300
14461	801.300
14478	801.300
14485	801.300
14082	801.400
14136	801.400
14177	801.400
14211	801.400
14325	801.400
14392	801.400
14442	801.400
14480	801.400
14504	801.400
14508	801.400
14100	801.500
14172	801.500
14182	801.500
14194	801.500
14212	801.500
14237	801.500
14357	801.500
14421	801.500
14427	801.500
14440	801.500
14449	801.500
14462	801.500
14516	801.500
14039	801.600
14063	801.600
14074	801.600
14080	801.600
14090	801.600
14134	801.600
14155	801.600
14195	801.600
14209	801.600
14238	801.600
14242	801.600
14321	801.600
14344	801.600
14358	801.600
14362	801.600
14363	801.600
14400	801.600
14432	801.600
14441	801.600
14470	801.600
14040	801.700
14044	801.700
14056	801.700
14077	801.700
14109	801.700
14126	801.700
14144	801.700
14154	801.700
14162	801.700
14184	801.700
14191	801.700
14230	801.700
14259	801.700
14281	801.700
14283	801.700
14306	801.700
14307	801.700
14318	801.700
14334	801.700
14347	801.700
14348	801.700
14354	801.700
14396	801.700
14404	801.700
14412	801.700
14428	801.700
14459	801.700
14487	801.700
14489	801.700
14503	801.700
14058	801.800
14066	801.800
14096	801.800
14157	801.800
14174	801.800
14214	801.800
14221	801.800
14239	801.800
14243	801.800
14245	801.800
14253	801.800
14266	801.800
14292	801.800
14365	801.800
14369	801.800
14382	801.800
14385	801.800
14409	801.800
14425	801.800
14426	801.800
14434	801.800
14465	801.800
14467	801.800
14475	801.800
14488	801.800
14491	801.800
14498	801.800
14038	801.900
14042	801.900
14055	801.900
14141	801.900
14152	801.900
14153	801.900
14167	801.900
14171	801.900
14210	801.900
14218	801.900
14250	801.900
14257	801.900
14265	801.900
14275	801.900
14303	801.900
14315	801.900
14324	801.900
14342	801.900
14359	801.900
14364	801.900
14394	801.900
14395	801.900
14402	801.900
14448	801.900
14452	801.900
14490	801.900
14500	801.900
14052	802.000
14062	802.000
14093	802.000
14097	802.000
14098	802.000
14099	802.000
14117	802.000
14119	802.000
14124	802.000
14135	802.000
14138	802.000
14156	802.000
14205	802.000
14220	802.000
14228	802.000
14234	802.000
14254	802.000
14262	802.000
14263	802.000
14270	802.000
14271	802.000
14276	802.000
14279	802.000
14284	802.000
14288	802.000
14312	802.000
14333	802.000
14337	802.000
14349	802.000
14372	802.000
14373	802.000
14379	802.000
14384	802.000
14397	802.000
14431	802.000
14446	802.000
14496	802.000
14502	802.000
14517	802.000
14045	802.100
14053	802.100
14064	802.100
14069	802.100
14103	802.100
14113	802.100
14121	802.100
14128	802.100
14158	802.100
14161	802.100
14164	802.100
14178	802.100
14203	802.100
14246	802.100
14252	802.100
14273	802.100
14274	802.100
14296	802.100
14297	802.100
14304	802.100
14305	802.100
14311	802.100
14328	802.100
14330	802.100
14338	802.100
14345	802.100
14351	802.100
14353	802.100
14376	802.100
14401	802.100
14414	802.100
14429	802.100
14438	802.100
14455	802.100
14471	802.100
14474	802.100
14477	802.100
14493	802.100
14495	802.100
14515	802.100
14046	802.200
14049	802.200
14065	802.200
14073	802.200
14079	802.200
14110	802.200
14112	802.200
14114	802.200
14125	802.200
14127	802.200
14130	802.200
14139	802.200
14140	802.200
14160	802.200
14169	802.200
14189	802.200
14190	802.200
14240	802.200
14260	802.200
14261	802.200
14310	802.200
14320	802.200
14322	802.200
14329	802.200
14346	802.200
14350	802.200
14383	802.200
14390	802.200
14399	802.200
14403	802.200
14405	802.200
14463	802.200
14464	802.200
14499	802.200
14507	802.200
14043	802.300
14061	802.300
14067	802.300
14068	802.300
14089	802.300
14105	802.300
14107	802.300
14143	802.300
14170	802.300
14173	802.300
14201	802.300
14217	802.300
14232	802.300
14235	802.300
14241	802.300
14258	802.300
14264	802.300
14286	802.300
14295	802.300
14299	802.300
14316	802.300
14323	802.300
14331	802.300
14332	802.300
14368	802.300
14375	802.300
14377	802.300
14391	802.300
14393	802.300
14410	802.300
14422	802.300
14445	802.300
14469	802.300
14492	802.300
14497	802.300
14511	802.300
14512	802.300
14519	802.300
14037	802.400
14054	802.400
14060	802.400
14078	802.400
14129	802.400
14133	802.400
14145	802.400
14198	802.400
14208	802.400
14216	802.400
14341	802.400
14352	802.400
14366	802.400
14370	802.400
14424	802.400
14430	802.400
14443	802.400
14447	802.400
14450	802.400
14454	802.400
14472	802.400
14506	802.400
14513	802.400
14036	802.500
14041	802.500
14051	802.500
14076	802.500
14083	802.500
14084	802.500
14085	802.500
14092	802.500
14101	802.500
14116	802.500
14120	802.500
14142	802.500
14159	802.500
14200	802.500
14202	802.500
14204	802.500
14224	802.500
14225	802.500
14244	802.500
14247	802.500
14248	802.500
14269	802.500
14277	802.500
14278	802.500
14319	802.500
14336	802.500
14355	802.500
14374	802.500
14417	802.500
14494	802.500
14505	802.500
14509	802.500
14518	802.500
14075	802.600
14086	802.600
14088	802.600
14102	802.600
14122	802.600
14147	802.600
14150	802.600
14168	802.600
14183	802.600
14185	802.600
14188	802.600
14213	802.600
14223	802.600
14229	802.600
14289	802.600
14381	802.600
14398	802.600
14408	802.600
14423	802.600
14460	802.600
14483	802.600
14486	802.600
14057	802.700
14071	802.700
14072	802.700
14087	802.700
14104	802.700
14106	802.700
14108	802.700
14123	802.700
14132	802.700
14151	802.700
14193	802.700
14268	802.700
14282	802.700
14293	802.700
14326	802.700
14361	802.700
14378	802.700
14388	802.700
14389	802.700
14433	802.700
14436	802.700
14458	802.700
14479	802.700
14047	802.800
14118	802.800
14137	802.800
14163	802.800
14215	802.800
14233	802.800
14272	802.800
14291	802.800
14294	802.800
14301	802.800
14308	802.800
14367	802.800
14420	802.800
14451	802.800
14484	802.800
14070	802.900
14081	802.900
14180	802.900
14187	802.900
14207	802.900
14285	802.900
14335	802.900
14339	802.900
14413	802.900
14415	802.900
14439	802.900
14444	802.900
14453	802.900
14482	802.900
14514	802.900
14050	803.000
14146	803.000
14175	803.000
14236	803.000
14256	803.000
14309	803.000
14317	803.000
14456	803.000
14510	803.000
14206	803.100
14267	803.100
14327	803.100
14343	803.100
14380	803.100
14407	803.100
14416	803.100
14466	803.100
14176	803.200
14476	803.200
14131	803.300
14186	803.300
14222	803.300
14231	803.300
14468	803.300
14059	803.400
14094	803.400
14165	803.400
14166	803.400
14226	803.400
14249	803.400
14280	803.400
14314	803.400
14340	803.400
14437	803.400
14473	803.400
14148	803.500
14197	803.500
14219	803.500
14287	803.500
14290	803.500
14298	803.500
14302	803.500
14371	803.500
14419	803.500
14481	803.500
14111	803.600
14115	803.600
14179	803.600
14300	803.600
14313	803.600
14360	803.600
14435	803.600
14457	803.600
14501	803.600
14048	803.700
14091	803.700
14095	803.700
14149	803.700
14181	803.700
14192	803.700
14196	803.700
14199	803.700
14255	803.700
14386	803.700
14387	803.700
14406	803.700
14418	803.700
14478	803.700
14504	803.700
14520	803.700
14136	803.800
14177	803.800
14211	803.800
14227	803.800
14251	803.800
14411	803.800
14461	803.800
14485	803.800
14082	803.900
14100	803.900
14237	803.900
14325	803.900
14356	803.900
14421	803.900
14427	803.900
14442	803.900
14462	803.900
14480	803.900
14508	803.900
14516	803.900
14063	804.000
14074	804.000
14182	804.000
14194	804.000
14195	804.000
14212	804.000
14238	804.000
14362	804.000
14363	804.000
14392	804.000
14400	804.000
14440	804.000
14080	804.100
14090	804.100
14134	804.100
14172	804.100
14281	804.100
14283	804.100
14306	804.100
14344	804.100
14354	804.100
14357	804.100
14358	804.100
14432	804.100
14077	804.200
14144	804.200
14154	804.200
14155	804.200
14209	804.200
14221	804.200
14259	804.200
14292	804.200
14334	804.200
14425	804.200
14441	804.200
14039	804.300
14058	804.300
14174	804.300
14243	804.300
14318	804.300
14321	804.300
14382	804.300
14409	804.300
14475	804.300
14044	804.400
14126	804.400
14162	804.400
14214	804.400
14242	804.400
14342	804.400
14396	804.400
14452	804.400
14038	804.500
14099	804.500
14109	804.500
14152	804.500
14167	804.500
14239	804.500
14276	804.500
14496	804.500
14121	804.600
14203	804.600
14305	804.600
14365	804.600
14414	804.600
14110	804.700
14161	804.700
14191	804.700
14359	804.700
14056	804.800
14500	804.800
14157	804.900
14270	804.900
14169	805.000
14257	805.000
14240	805.100
14303	805.100
14364	805.100
14429	805.100
14487	805.100
14127	805.200
14135	805.200
14184	805.200
14210	805.200
14260	805.200
14262	805.200
14271	805.200
14310	805.200
14368	805.200
14412	805.200
14491	805.200
14120	805.300
14125	805.300
14370	805.300
14372	805.300
14465	805.300
14490	805.300
14054	805.400
14065	805.400
14201	805.400
14220	805.400
14266	805.400
14299	805.400
14320	805.400
14373	805.400
14379	805.400
14401	805.400
14498	805.400
14046	805.500
14068	805.500
14070	805.500
14105	805.500
14124	805.500
14145	805.500
14247	805.500
14311	805.500
14322	805.500
14330	805.500
14347	805.500
14369	805.500
14384	805.500
14426	805.500
14477	805.500
14509	805.500
14519	805.500
14042	805.600
14055	805.600
14062	805.600
14079	805.600
14171	805.600
14223	805.600
14273	805.600
14275	805.600
14284	805.600
14293	805.600
14295	805.600
14315	805.600
14336	805.600
14339	805.600
14416	805.600
14445	805.600
14458	805.600
14469	805.600
14503	805.600
14505	805.600
14052	805.700
14053	805.700
14093	805.700
14123	805.700
14130	805.700
14142	805.700
14225	805.700
14229	805.700
14256	805.700
14258	805.700
14263	805.700
14265	805.700
14312	805.700
14332	805.700
14338	805.700
14352	805.700
14376	805.700
14422	805.700
14430	805.700
14459	805.700
14045	805.800
14141	805.800
14146	805.800
14175	805.800
14187	805.800
14190	805.800
14205	805.800
14217	805.800
14218	805.800
14224	805.800
14249	805.800
14253	805.800
14261	805.800
14272	805.800
14337	805.800
14340	805.800
14348	805.800
14366	805.800
14390	805.800
14391	805.800
14394	805.800
14397	805.800
14405	805.800
14410	805.800
14423	805.800
14434	805.800
14438	805.800
14455	805.800
14463	805.800
14464	805.800
14470	805.800
14488	805.800
14489	805.800
14492	805.800
14493	805.800
14078	805.900
14094	805.900
14106	805.900
14131	805.900
14151	805.900
14156	805.900
14158	805.900
14165	805.900
14170	805.900
14189	805.900
14230	805.900
14241	805.900
14280	805.900
14296	805.900
14327	805.900
14407	805.900
14420	805.900
14437	805.900
14456	805.900
14466	805.900
14473	805.900
14483	805.900
14040	806.000
14043	806.000
14059	806.000
14073	806.000
14098	806.000
14115	806.000
14119	806.000
14176	806.000
14219	806.000
14222	806.000
14235	806.000
14244	806.000
14248	806.000
14282	806.000
14286	806.000
14288	806.000
14289	806.000
14291	806.000
14326	806.000
14333	806.000
14350	806.000
14377	806.000
14383	806.000
14393	806.000
14399	806.000
14404	806.000
14413	806.000
14419	806.000
14448	806.000
14449	806.000
14468	806.000
14507	806.000
14510	806.000
14047	806.100
14064	806.100
14086	806.100
14096	806.100
14111	806.100
14114	806.100
14128	806.100
14129	806.100
14138	806.100
14143	806.100
14149	806.100
14159	806.100
14163	806.100
14199	806.100
14226	806.100
14233	806.100
14245	806.100
14252	806.100
14264	806.100
14290	806.100
14298	806.100
14302	806.100
14304	806.100
14314	806.100
14331	806.100
14341	806.100
14349	806.100
14378	806.100
14389	806.100
14444	806.100
14453	806.100
14457	806.100
14474	806.100
14479	806.100
14502	806.100
14518	806.100
14036	806.200
14037	806.200
14041	806.200
14048	806.200
14060	806.200
14066	806.200
14075	806.200
14087	806.200
14095	806.200
14101	806.200
14148	806.200
14164	806.200
14185	806.200
14186	806.200
14197	806.200
14208	806.200
14287	806.200
14307	806.200
14324	806.200
14335	806.200
14343	806.200
14386	806.200
14402	806.200
14406	806.200
14435	806.200
14495	806.200
14504	806.200
14514	806.200
14517	806.200
14050	806.300
14067	806.300
14089	806.300
14097	806.300
14139	806.300
14140	806.300
14179	806.300
14181	806.300
14198	806.300
14211	806.300
14216	806.300
14236	806.300
14250	806.300
14251	806.300
14268	806.300
14274	806.300
14297	806.300
14300	806.300
14309	806.300
14313	806.300
14317	806.300
14345	806.300
14360	806.300
14385	806.300
14387	806.300
14395	806.300
14411	806.300
14418	806.300
14460	806.300
14461	806.300
14467	806.300
14478	806.300
14481	806.300
14506	806.300
14061	806.400
14069	806.400
14071	806.400
14072	806.400
14074	806.400
14076	806.400
14107	806.400
14116	806.400
14137	806.400
14147	806.400
14153	806.400
14160	806.400
14177	806.400
14180	806.400
14183	806.400
14196	806.400
14206	806.400
14237	806.400
14246	806.400
14294	806.400
14316	806.400
14367	806.400
14371	806.400
14380	806.400
14392	806.400
14398	806.400
14400	806.400
14421	806.400
14443	806.400
14446	806.400
14447	806.400
14480	806.400
14485	806.400
14499	806.400
14515	806.400
14520	806.400
14085	806.500
14091	806.500
14100	806.500
14108	806.500
14132	806.500
14166	806.500
14192	806.500
14227	806.500
14255	806.500
14267	806.500
14325	806.500
14328	806.500
14362	806.500
14388	806.500
14428	806.500
14431	806.500
14433	806.500
14442	806.500
14462	806.500
14472	806.500
14476	806.500
14501	806.500
14512	806.500
14051	806.600
14057	806.600
14063	806.600
14080	806.600
14082	806.600
14090	806.600
14150	806.600
14172	806.600
14182	806.600
14193	806.600
14212	806.600
14215	806.600
14238	806.600
14278	806.600
14281	806.600
14285	806.600
14308	806.600
14329	806.600
14344	806.600
14353	806.600
14356	806.600
14358	806.600
14361	806.600
14375	806.600
14408	806.600
14432	806.600
14439	806.600
14450	806.600
14454	806.600
14484	806.600
14508	806.600
14516	806.600
14083	806.700
14117	806.700
14118	806.700
14134	806.700
14155	806.700
14188	806.700
14194	806.700
14195	806.700
14207	806.700
14292	806.700
14301	806.700
14354	806.700
14357	806.700
14363	806.700
14436	806.700
14451	806.700
14497	806.700
14081	806.800
14113	806.800
14122	806.800
14209	806.800
14221	806.800
14228	806.800
14259	806.800
14283	806.800
14306	806.800
14346	806.800
14441	806.800
14077	806.900
14112	806.900
14136	806.900
14178	806.900
14213	806.900
14232	806.900
14351	806.900
14355	806.900
14382	806.900
14403	806.900
14409	806.900
14424	806.900
14144	807.000
14319	807.000
14475	807.000
14486	807.000
14039	807.100
14425	807.100
