# NEST version: 3.5
# RecordingBackendASCII version: 2
sender	time_ms
16206	0.100
16255	0.100
16083	713.700
16093	713.700
16215	713.700
16261	713.700
16263	713.700
16290	713.700
16354	713.700
16079	713.800
16090	713.800
16095	713.800
16107	713.800
16116	713.800
16141	713.800
16144	713.800
16145	713.800
16167	713.800
16194	713.800
16197	713.800
16211	713.800
16235	713.800
16279	713.800
16288	713.800
16315	713.800
16081	713.900
16084	713.900
16096	713.900
16104	713.900
16109	713.900
16121	713.900
16122	713.900
16125	713.900
16132	713.900
16157	713.900
16160	713.900
16164	713.900
16168	713.900
16169	713.900
16174	713.900
16176	713.900
16186	713.900
16190	713.900
16193	713.900
16196	713.900
16199	713.900
16201	713.900
16202	713.900
16205	713.900
16218	713.900
16221	713.900
16223	713.900
16225	713.900
16239	713.900
16246	713.900
16247	713.900
16249	713.900
16257	713.900
16266	713.900
16267	713.900
16269	713.900
16277	713.900
16287	713.900
16301	713.900
16304	713.900
16307	713.900
16314	713.900
16317	713.900
16321	713.900
16322	713.900
16343	713.900
16353	713.900
16068	714.000
16072	714.000
16074	714.000
16085	714.000
16099	714.000
16100	714.000
16103	714.000
16106	714.000
16108	714.000
16110	714.000
16111	714.000
16115	714.000
16117	714.000
16118	714.000
16127	714.000
16129	714.000
16133	714.000
16137	714.000
16140	714.000
16146	714.000
16151	714.000
16152	714.000
16154	714.000
16158	714.000
16165	714.000
16171	714.000
16172	714.000
16178	714.000
16180	714.000
16192	714.000
16200	714.000
16203	714.000
16207	714.000
16212	714.000
16220	714.000
16230	714.000
16231	714.000
16232	714.000
16245	714.000
16248	714.000
16250	714.000
16251	714.000
16252	714.000
16253	714.000
16255	714.000
16260	714.000
16264	714.000
16270	714.000
16273	714.000
16275	714.000
16285	714.000
16286	714.000
16289	714.000
16294	714.000
16300	714.000
16312	714.000
16318	714.000
16323	714.000
16325	714.000
16337	714.000
16338	714.000
16339	714.000
16340	714.000
16346	714.000
16347	714.000
16349	714.000
16350	714.000
16358	714.000
16359	714.000
16069	714.100
16073	714.100
16075	714.100
16076	714.100
16078	714.100
16089	714.100
16092	714.100
16097	714.100
16098	714.100
16101	714.100
16112	714.100
16113	714.100
16114	714.100
16124	714.100
16130	714.100
16136	714.100
16142	714.100
16143	714.100
16148	714.100
16155	714.100
16162	714.100
16166	714.100
16182	714.100
16185	714.100
16187	714.100
16195	714.100
16198	714.100
16216	714.100
16227	714.100
16233	714.100
16236	714.100
16240	714.100
16241	714.100
16244	714.100
16256	714.100
16259	714.100
16262	714.100
16265	714.100
16271	714.100
16272	714.100
16274	714.100
16280	714.100
16281	714.100
16283	714.100
16292	714.100
16295	714.100
16297	714.100
16302	714.100
16303	714.100
16305	714.100
16306	714.100
16310	714.100
16311	714.100
16316	714.100
16324	714.100
16326	714.100
16328	714.100
16329	714.100
16332	714.100
16334	714.100
16335	714.100
16351	714.100
16352	714.100
16355	714.100
16357	714.100
16360	714.100
16361	714.100
16067	714.200
16077	714.200
16080	714.200
16086	714.200
16087	714.200
16088	714.200
16091	714.200
16105	714.200
16120	714.200
16126	714.200
16128	714.200
16134	714.200
16135	714.200
16139	714.200
16149	714.200
16153	714.200
16161	714.200
16163	714.200
16173	714.200
16175	714.200
16181	714.200
16189	714.200
16210	714.200
16217	714.200
16222	714.200
16228	714.200
16229	714.200
16237	714.200
16243	714.200
16258	714.200
16268	714.200
16278	714.200
16296	714.200
16299	714.200
16308	714.200
16313	714.200
16319	714.200
16327	714.200
16331	714.200
16342	714.200
16344	714.200
16345	714.200
16348	714.200
16102	714.300
16119	714.300
16123	714.300
16131	714.300
16138	714.300
16150	714.300
16156	714.300
16159	714.300
16179	714.300
16184	714.300
16188	714.300
16206	714.300
16208	714.300
16224	714.300
16234	714.300
16238	714.300
16242	714.300
16276	714.300
16298	714.300
16330	714.300
16333	714.300
16336	714.300
16071	714.400
16082	714.400
16170	714.400
16177	714.400
16183	714.400
16191	714.400
16209	714.400
16213	714.400
16214	714.400
16284	714.400
16291	714.400
16356	714.400
16219	714.500
16226	714.500
16254	714.500
16320	714.500
16261	716.900
16286	716.900
16349	716.900
16340	717.000
16174	717.100
16151	717.200
16164	717.200
16211	717.200
16235	717.200
16092	717.300
16109	717.300
16171	717.300
16239	717.300
16263	717.300
16152	717.400
16246	717.400
16083	717.500
16136	717.500
16140	717.500
16236	717.500
16274	717.500
16314	717.500
16124	717.600
16141	717.600
16196	717.600
16300	717.600
16317	717.600
16324	717.600
16158	717.700
16205	717.700
16215	717.700
16250	717.700
16257	717.700
16262	717.700
16339	717.700
16127	717.800
16259	717.900
16342	717.900
16355	717.900
16118	718.000
16075	718.100
16213	718.100
16139	718.300
16235	735.600
16085	735.900
16166	736.000
16190	736.100
16294	736.100
16290	736.200
16322	736.200
16145	736.300
16095	736.400
16144	736.400
16263	736.400
16315	736.400
16084	736.500
16115	736.500
16140	736.500
16162	736.500
16201	736.500
16253	736.500
16256	736.500
16311	736.500
16319	736.500
16339	736.500
16353	736.500
16359	736.500
16078	736.600
16079	736.600
16116	736.600
16141	736.600
16203	736.600
16231	736.600
16234	736.600
16239	736.600
16251	736.600
16266	736.600
16279	736.600
16069	736.700
16083	736.700
16101	736.700
16122	736.700
16132	736.700
16154	736.700
16176	736.700
16180	736.700
16193	736.700
16195	736.700
16202	736.700
16233	736.700
16238	736.700
16244	736.700
16245	736.700
16247	736.700
16258	736.700
16261	736.700
16286	736.700
16300	736.700
16340	736.700
16350	736.700
16072	736.800
16081	736.800
16100	736.800
16137	736.800
16149	736.800
16170	736.800
16172	736.800
16205	736.800
16206	736.800
16211	736.800
16223	736.800
16230	736.800
16280	736.800
16287	736.800
16328	736.800
16334	736.800
16076	736.900
16093	736.900
16106	736.900
16110	736.900
16148	736.900
16167	736.900
16199	736.900
16225	736.900
16229	736.900
16285	736.900
16304	736.900
16324	736.900
16335	736.900
16347	736.900
16354	736.900
16082	737.000
16109	737.000
16125	737.000
16143	737.000
16158	737.000
16161	737.000
16178	737.000
16241	737.000
16067	737.100
16090	737.100
16103	737.100
16186	737.100
16215	737.100
16232	737.100
16255	737.100
16260	737.100
16283	737.100
16305	737.100
16329	737.100
16349	737.100
16358	737.100
16171	737.200
16184	737.200
16208	737.200
16212	737.200
16228	737.200
16240	737.200
16259	737.200
16269	737.200
16274	737.200
16297	737.200
16097	737.300
16118	737.300
16139	737.300
16183	737.300
16197	737.300
16222	737.300
16265	737.300
16270	737.300
16313	737.300
16321	737.300
16108	737.400
16173	737.400
16210	737.400
16187	737.500
16221	737.500
16236	737.500
16281	737.500
16331	737.500
16092	737.600
16130	737.600
16333	737.600
16343	737.700
16345	737.700
16086	738.700
16355	739.500
16289	745.600
16235	745.900
16087	746.300
16083	746.500
16195	746.600
16263	746.600
16079	746.700
16144	746.700
16152	746.700
16250	746.700
16266	746.700
16347	746.700
16141	746.800
16246	746.800
16286	746.800
16196	746.900
16223	746.900
16118	747.000
16132	747.000
16169	747.000
16261	747.000
16278	747.000
16287	747.000
16324	747.000
16154	747.100
16163	747.100
16167	747.100
16172	747.100
16211	747.100
16340	747.100
16105	747.200
16140	747.200
16148	747.200
16222	747.200
16317	747.200
16071	747.300
16076	747.300
16093	747.300
16193	747.300
16215	747.300
16229	747.300
16231	747.300
16244	747.300
16258	747.300
16280	747.300
16294	747.300
16314	747.300
16339	747.300
16350	747.300
16100	747.400
16109	747.400
16111	747.400
16116	747.400
16139	747.400
16151	747.400
16158	747.400
16161	747.400
16174	747.400
16191	747.400
16214	747.400
16255	747.400
16259	747.400
16265	747.400
16269	747.400
16274	747.400
16283	747.400
16345	747.400
16088	747.500
16091	747.500
16099	747.500
16124	747.500
16128	747.500
16142	747.500
16199	747.500
16212	747.500
16230	747.500
16236	747.500
16238	747.500
16300	747.500
16304	747.500
16331	747.500
16068	747.600
16080	747.600
16085	747.600
16090	747.600
16101	747.600
16121	747.600
16122	747.600
16171	747.600
16179	747.600
16188	747.600
16194	747.600
16203	747.600
16220	747.600
16225	747.600
16228	747.600
16245	747.600
16257	747.600
16260	747.600
16315	747.600
16323	747.600
16332	747.600
16084	747.700
16108	747.700
16126	747.700
16136	747.700
16145	747.700
16180	747.700
16233	747.700
16239	747.700
16247	747.700
16253	747.700
16256	747.700
16275	747.700
16313	747.700
16328	747.700
16342	747.700
16349	747.700
16092	747.800
16097	747.800
16143	747.800
16176	747.800
16183	747.800
16270	747.800
16276	747.800
16321	747.800
16073	747.900
16149	747.900
16153	747.900
16160	747.900
16162	747.900
16202	747.900
16219	747.900
16292	747.900
16344	747.900
16354	747.900
16359	747.900
16130	748.000
16186	748.000
16187	748.000
16197	748.000
16201	748.000
16248	748.000
16290	748.000
16295	748.000
16150	748.100
16182	748.100
16213	748.100
16251	748.100
16192	748.200
16072	748.400
16086	748.400
16306	748.400
16190	748.700
16337	748.700
16235	760.900
16324	761.900
16085	762.100
16090	762.100
16246	762.100
16145	762.200
16152	762.200
16223	762.200
16247	762.200
16280	762.200
16286	762.200
16307	762.200
16340	762.200
16083	762.300
16091	762.300
16101	762.300
16106	762.300
16111	762.300
16140	762.300
16148	762.300
16151	762.300
16153	762.300
16172	762.300
16190	762.300
16215	762.300
16258	762.300
16314	762.300
16315	762.300
16359	762.300
16081	762.400
16082	762.400
16132	762.400
16174	762.400
16184	762.400
16196	762.400
16197	762.400
16201	762.400
16221	762.400
16238	762.400
16250	762.400
16261	762.400
16274	762.400
16275	762.400
16279	762.400
16290	762.400
16297	762.400
16328	762.400
16347	762.400
16095	762.500
16105	762.500
16115	762.500
16116	762.500
16158	762.500
16166	762.500
16167	762.500
16168	762.500
16180	762.500
16188	762.500
16212	762.500
16222	762.500
16229	762.500
16245	762.500
16266	762.500
16270	762.500
16289	762.500
16294	762.500
16300	762.500
16301	762.500
16302	762.500
16323	762.500
16330	762.500
16339	762.500
16350	762.500
16069	762.600
16075	762.600
16076	762.600
16079	762.600
16099	762.600
16100	762.600
16118	762.600
16125	762.600
16139	762.600
16141	762.600
16150	762.600
16154	762.600
16171	762.600
16191	762.600
16195	762.600
16202	762.600
16211	762.600
16216	762.600
16225	762.600
16239	762.600
16249	762.600
16253	762.600
16264	762.600
16265	762.600
16283	762.600
16287	762.600
16292	762.600
16293	762.600
16326	762.600
16327	762.600
16344	762.600
16345	762.600
16353	762.600
16354	762.600
16067	762.700
16078	762.700
16097	762.700
16109	762.700
16110	762.700
16122	762.700
16144	762.700
16149	762.700
16160	762.700
16162	762.700
16176	762.700
16187	762.700
16203	762.700
16213	762.700
16228	762.700
16232	762.700
16244	762.700
16252	762.700
16255	762.700
16256	762.700
16259	762.700
16260	762.700
16262	762.700
16263	762.700
16268	762.700
16269	762.700
16299	762.700
16306	762.700
16355	762.700
16068	762.800
16103	762.800
16107	762.800
16127	762.800
16130	762.800
16135	762.800
16173	762.800
16183	762.800
16192	762.800
16200	762.800
16208	762.800
16217	762.800
16220	762.800
16227	762.800
16236	762.800
16242	762.800
16288	762.800
16295	762.800
16304	762.800
16309	762.800
16311	762.800
16319	762.800
16333	762.800
16349	762.800
16074	762.900
16092	762.900
16124	762.900
16136	762.900
16142	762.900
16143	762.900
16169	762.900
16186	762.900
16198	762.900
16205	762.900
16224	762.900
16231	762.900
16233	762.900
16251	762.900
16271	762.900
16321	762.900
16322	762.900
16072	763.000
16084	763.000
16087	763.000
16102	763.000
16104	763.000
16119	763.000
16241	763.000
16276	763.000
16278	763.000
16296	763.000
16305	763.000
16313	763.000
16318	763.000
16331	763.000
16073	763.100
16126	763.100
16137	763.100
16164	763.100
16182	763.100
16193	763.100
16230	763.100
16332	763.100
16334	763.100
16356	763.100
16178	763.200
16218	763.200
16234	763.200
16071	763.300
16112	763.300
16161	763.300
16175	763.300
16337	763.300
16281	763.400
16128	764.300
16086	764.600
16343	765.100
16080	765.200
16335	765.300
16138	765.500
16163	765.500
16286	765.500
16083	765.700
16123	765.700
16340	765.800
16151	766.000
16152	766.000
16140	766.500
16247	766.800
16235	780.700
16280	781.200
16145	781.300
16253	781.300
16261	781.300
16290	781.300
16076	781.400
16079	781.400
16115	781.400
16144	781.400
16180	781.400
16239	781.400
16353	781.400
16359	781.400
16081	781.500
16111	781.500
16122	781.500
16130	781.500
16132	781.500
16141	781.500
16143	781.500
16172	781.500
16174	781.500
16196	781.500
16201	781.500
16274	781.500
16277	781.500
16287	781.500
16317	781.500
16328	781.500
16350	781.500
16078	781.600
16101	781.600
16118	781.600
16162	781.600
16167	781.600
16211	781.600
16223	781.600
16238	781.600
16244	781.600
16247	781.600
16263	781.600
16266	781.600
16286	781.600
16294	781.600
16311	781.600
16324	781.600
16339	781.600
16354	781.600
16069	781.700
16082	781.700
16085	781.700
16088	781.700
16090	781.700
16092	781.700
16095	781.700
16109	781.700
16129	781.700
16140	781.700
16152	781.700
16153	781.700
16154	781.700
16190	781.700
16198	781.700
16200	781.700
16205	781.700
16210	781.700
16215	781.700
16229	781.700
16236	781.700
16245	781.700
16246	781.700
16251	781.700
16270	781.700
16285	781.700
16289	781.700
16297	781.700
16299	781.700
16306	781.700
16322	781.700
16340	781.700
16342	781.700
16075	781.800
16083	781.800
16099	781.800
16106	781.800
16107	781.800
16121	781.800
16136	781.800
16139	781.800
16151	781.800
16158	781.800
16160	781.800
16166	781.800
16171	781.800
16186	781.800
16195	781.800
16197	781.800
16208	781.800
16221	781.800
16225	781.800
16231	781.800
16232	781.800
16234	781.800
16240	781.800
16252	781.800
16254	781.800
16256	781.800
16272	781.800
16275	781.800
16279	781.800
16300	781.800
16304	781.800
16314	781.800
16323	781.800
16345	781.800
16347	781.800
16355	781.800
16084	781.900
16096	781.900
16100	781.900
16105	781.900
16116	781.900
16120	781.900
16124	781.900
16127	781.900
16134	781.900
16142	781.900
16148	781.900
16164	781.900
16168	781.900
16176	781.900
16178	781.900
16179	781.900
16182	781.900
16187	781.900
16194	781.900
16202	781.900
16203	781.900
16222	781.900
16230	781.900
16250	781.900
16255	781.900
16260	781.900
16262	781.900
16268	781.900
16271	781.900
16273	781.900
16281	781.900
16283	781.900
16288	781.900
16292	781.900
16295	781.900
16301	781.900
16302	781.900
16305	781.900
16346	781.900
16361	781.900
16067	782.000
16068	782.000
16073	782.000
16086	782.000
16108	782.000
16110	782.000
16119	782.000
16128	782.000
16133	782.000
16150	782.000
16165	782.000
16170	782.000
16177	782.000
16188	782.000
16191	782.000
16193	782.000
16199	782.000
16212	782.000
16220	782.000
16233	782.000
16257	782.000
16258	782.000
16265	782.000
16267	782.000
16269	782.000
16309	782.000
16321	782.000
16329	782.000
16335	782.000
16348	782.000
16349	782.000
16358	782.000
16072	782.100
16077	782.100
16087	782.100
16093	782.100
16103	782.100
16125	782.100
16126	782.100
16137	782.100
16149	782.100
16155	782.100
16185	782.100
16192	782.100
16216	782.100
16219	782.100
16224	782.100
16228	782.100
16248	782.100
16249	782.100
16259	782.100
16278	782.100
16315	782.100
16318	782.100
16319	782.100
16325	782.100
16331	782.100
16334	782.100
16080	782.200
16102	782.200
16104	782.200
16112	782.200
16113	782.200
16146	782.200
16173	782.200
16303	782.200
16313	782.200
16332	782.200
16333	782.200
16338	782.200
16360	782.200
16074	782.300
16117	782.300
16135	782.300
16169	782.300
16175	782.300
16213	782.300
16217	782.300
16218	782.300
16343	782.300
16356	782.300
16276	782.400
16071	782.500
16138	782.500
16242	782.500
16241	782.600
16344	782.700
16161	784.100
16337	784.100
16163	784.200
16307	784.500
16261	784.600
16274	784.600
16145	784.700
16326	784.700
16239	784.800
16211	784.900
16288	784.900
16092	785.100
16208	785.100
16246	785.100
16286	785.100
16083	785.200
16172	785.300
16236	785.300
16270	785.400
16238	785.500
16152	785.600
16140	785.800
16151	785.900
16340	786.500
16187	786.700
16235	803.100
16105	803.200
16263	803.200
16266	803.400
16289	803.400
16196	803.500
16250	803.500
16253	803.500
16093	803.700
16132	803.700
16315	803.700
16115	803.800
16139	803.800
16145	803.800
16164	803.800
16172	803.800
16245	803.800
16287	803.800
16290	803.800
16300	803.800
16100	803.900
16107	803.900
16148	803.900
16167	803.900
16190	803.900
16193	803.900
16195	803.900
16205	803.900
16223	803.900
16239	803.900
16251	803.900
16273	803.900
16314	803.900
16069	804.000
16073	804.000
16074	804.000
16079	804.000
16083	804.000
16099	804.000
16101	804.000
16118	804.000
16125	804.000
16162	804.000
16171	804.000
16185	804.000
16197	804.000
16199	804.000
16211	804.000
16215	804.000
16225	804.000
16229	804.000
16231	804.000
16248	804.000
16249	804.000
16257	804.000
16258	804.000
16274	804.000
16280	804.000
16286	804.000
16294	804.000
16312	804.000
16322	804.000
16323	804.000
16324	804.000
16340	804.000
16076	804.100
16078	804.100
16085	804.100
16087	804.100
16088	804.100
16090	804.100
16154	804.100
16160	804.100
16166	804.100
16168	804.100
16174	804.100
16175	804.100
16179	804.100
16180	804.100
16200	804.100
16234	804.100
16238	804.100
16256	804.100
16259	804.100
16261	804.100
16265	804.100
16275	804.100
16281	804.100
16283	804.100
16292	804.100
16297	804.100
16301	804.100
16311	804.100
16335	804.100
16339	804.100
16342	804.100
16346	804.100
16355	804.100
16360	804.100
16072	804.200
16075	804.200
16081	804.200
16109	804.200
16111	804.200
16117	804.200
16120	804.200
16122	804.200
16127	804.200
16136	804.200
16137	804.200
16140	804.200
16144	804.200
16151	804.200
16176	804.200
16178	804.200
16186	804.200
16221	804.200
16224	804.200
16236	804.200
16247	804.200
16269	804.200
16271	804.200
16279	804.200
16328	804.200
16334	804.200
16338	804.200
16349	804.200
16350	804.200
16361	804.200
16084	804.300
16091	804.300
16092	804.300
16095	804.300
16106	804.300
16110	804.300
16116	804.300
16121	804.300
16124	804.300
16128	804.300
16133	804.300
16149	804.300
16165	804.300
16187	804.300
16192	804.300
16198	804.300
16201	804.300
16203	804.300
16212	804.300
16220	804.300
16227	804.300
16232	804.300
16244	804.300
16246	804.300
16252	804.300
16255	804.300
16260	804.300
16262	804.300
16267	804.300
16270	804.300
16278	804.300
16285	804.300
16305	804.300
16317	804.300
16318	804.300
16319	804.300
16327	804.300
16329	804.300
16343	804.300
16345	804.300
16347	804.300
16354	804.300
16357	804.300
16067	804.400
16068	804.400
16077	804.400
16096	804.400
16097	804.400
16108	804.400
16119	804.400
16129	804.400
16130	804.400
16141	804.400
16143	804.400
16152	804.400
16170	804.400
16184	804.400
16191	804.400
16202	804.400
16208	804.400
16216	804.400
16272	804.400
16276	804.400
16295	804.400
16302	804.400
16304	804.400
16353	804.400
16359	804.400
16103	804.500
16123	804.500
16142	804.500
16155	804.500
16169	804.500
16182	804.500
16183	804.500
16188	804.500
16210	804.500
16217	804.500
16218	804.500
16222	804.500
16230	804.500
16241	804.500
16277	804.500
16303	804.500
16321	804.500
16332	804.500
16348	804.500
16356	804.500
16086	804.600
16146	804.600
16163	804.600
16173	804.600
16228	804.600
16310	804.600
16333	804.600
16080	804.700
16104	804.700
16213	804.700
16298	804.700
16306	804.700
16313	804.700
16158	804.800
16240	804.800
16337	804.800
16309	804.900
16071	805.100
16344	806.600
16082	806.800
16307	806.900
16261	807.100
16219	807.200
16331	807.200
16161	807.400
16280	807.400
16239	807.600
16340	807.600
16211	807.800
16274	807.800
16286	808.000
16171	808.100
16229	808.300
16151	808.700
