# NEST version: 3.5
# RecordingBackendASCII version: 2
sender	time_ms
2132	712.300
2394	712.300
2636	712.400
2168	712.500
2225	712.600
2287	712.600
2306	712.600
2331	712.600
2367	712.600
2388	712.600
2448	712.600
2512	712.600
2533	712.600
2651	712.600
2090	712.700
2212	712.700
2278	712.700
2395	712.700
2503	712.700
2517	712.700
2525	712.700
2585	712.700
2602	712.700
2646	712.700
2099	712.800
2108	712.800
2133	712.800
2172	712.800
2178	712.800
2219	712.800
2243	712.800
2244	712.800
2266	712.800
2309	712.800
2364	712.800
2392	712.800
2411	712.800
2428	712.800
2453	712.800
2513	712.800
2541	712.800
2551	712.800
2555	712.800
2586	712.800
2618	712.800
2619	712.800
2626	712.800
2635	712.800
2110	712.900
2112	712.900
2114	712.900
2115	712.900
2120	712.900
2123	712.900
2143	712.900
2150	712.900
2162	712.900
2165	712.900
2174	712.900
2184	712.900
2221	712.900
2229	712.900
2230	712.900
2237	712.900
2245	712.900
2246	712.900
2257	712.900
2265	712.900
2267	712.900
2269	712.900
2271	712.900
2291	712.900
2369	712.900
2374	712.900
2381	712.900
2436	712.900
2441	712.900
2446	712.900
2450	712.900
2456	712.900
2471	712.900
2500	712.900
2506	712.900
2561	712.900
2567	712.900
2569	712.900
2576	712.900
2578	712.900
2580	712.900
2590	712.900
2606	712.900
2608	712.900
2624	712.900
2628	712.900
2632	712.900
2633	712.900
2638	712.900
2644	712.900
2649	712.900
2072	713.000
2075	713.000
2087	713.000
2093	713.000
2098	713.000
2148	713.000
2149	713.000
2153	713.000
2157	713.000
2167	713.000
2177	713.000
2181	713.000
2189	713.000
2190	713.000
2194	713.000
2201	713.000
2205	713.000
2211	713.000
2242	713.000
2247	713.000
2251	713.000
2254	713.000
2262	713.000
2277	713.000
2293	713.000
2299	713.000
2310	713.000
2321	713.000
2322	713.000
2328	713.000
2338	713.000
2342	713.000
2359	713.000
2376	713.000
2398	713.000
2399	713.000
2427	713.000
2429	713.000
2439	713.000
2443	713.000
2460	713.000
2464	713.000
2477	713.000
2497	713.000
2498	713.000
2502	713.000
2509	713.000
2510	713.000
2519	713.000
2520	713.000
2521	713.000
2532	713.000
2553	713.000
2557	713.000
2559	713.000
2572	713.000
2573	713.000
2577	713.000
2589	713.000
2591	713.000
2601	713.000
2607	713.000
2609	713.000
2614	713.000
2617	713.000
2621	713.000
2639	713.000
2642	713.000
2076	713.100
2085	713.100
2086	713.100
2096	713.100
2105	713.100
2119	713.100
2121	713.100
2145	713.100
2158	713.100
2159	713.100
2169	713.100
2170	713.100
2175	713.100
2179	713.100
2185	713.100
2186	713.100
2195	713.100
2203	713.100
2206	713.100
2208	713.100
2224	713.100
2233	713.100
2236	713.100
2252	713.100
2259	713.100
2263	713.100
2275	713.100
2276	713.100
2284	713.100
2285	713.100
2302	713.100
2304	713.100
2311	713.100
2315	713.100
2325	713.100
2329	713.100
2335	713.100
2343	713.100
2368	713.100
2372	713.100
2380	713.100
2382	713.100
2390	713.100
2400	713.100
2408	713.100
2410	713.100
2414	713.100
2418	713.100
2421	713.100
2424	713.100
2426	713.100
2440	713.100
2444	713.100
2455	713.100
2462	713.100
2463	713.100
2474	713.100
2475	713.100
2480	713.100
2481	713.100
2488	713.100
2491	713.100
2494	713.100
2496	713.100
2505	713.100
2527	713.100
2529	713.100
2531	713.100
2534	713.100
2537	713.100
2542	713.100
2546	713.100
2548	713.100
2558	713.100
2565	713.100
2566	713.100
2570	713.100
2574	713.100
2575	713.100
2579	713.100
2582	713.100
2594	713.100
2605	713.100
2620	713.100
2625	713.100
2627	713.100
2069	713.200
2070	713.200
2100	713.200
2101	713.200
2102	713.200
2111	713.200
2122	713.200
2128	713.200
2141	713.200
2142	713.200
2146	713.200
2155	713.200
2163	713.200
2173	713.200
2182	713.200
2193	713.200
2204	713.200
2214	713.200
2216	713.200
2217	713.200
2218	713.200
2227	713.200
2249	713.200
2268	713.200
2288	713.200
2290	713.200
2292	713.200
2294	713.200
2295	713.200
2296	713.200
2298	713.200
2305	713.200
2308	713.200
2312	713.200
2314	713.200
2319	713.200
2320	713.200
2326	713.200
2334	713.200
2345	713.200
2351	713.200
2358	713.200
2373	713.200
2387	713.200
2389	713.200
2397	713.200
2401	713.200
2406	713.200
2417	713.200
2422	713.200
2438	713.200
2442	713.200
2451	713.200
2482	713.200
2484	713.200
2493	713.200
2495	713.200
2501	713.200
2522	713.200
2523	713.200
2524	713.200
2539	713.200
2540	713.200
2547	713.200
2550	713.200
2562	713.200
2571	713.200
2592	713.200
2596	713.200
2613	713.200
2615	713.200
2623	713.200
2630	713.200
2645	713.200
2647	713.200
2648	713.200
2080	713.300
2081	713.300
2089	713.300
2091	713.300
2106	713.300
2109	713.300
2116	713.300
2124	713.300
2127	713.300
2130	713.300
2131	713.300
2138	713.300
2147	713.300
2156	713.300
2183	713.300
2191	713.300
2196	713.300
2198	713.300
2202	713.300
2210	713.300
2213	713.300
2231	713.300
2238	713.300
2261	713.300
2274	713.300
2286	713.300
2297	713.300
2313	713.300
2318	713.300
2333	713.300
2337	713.300
2339	713.300
2341	713.300
2347	713.300
2349	713.300
2356	713.300
2385	713.300
2386	713.300
2402	713.300
2404	713.300
2407	713.300
2409	713.300
2412	713.300
2430	713.300
2431	713.300
2434	713.300
2437	713.300
2467	713.300
2479	713.300
2489	713.300
2490	713.300
2508	713.300
2526	713.300
2549	713.300
2603	713.300
2604	713.300
2610	713.300
2622	713.300
2631	713.300
2637	713.300
2643	713.300
2082	713.400
2092	713.400
2135	713.400
2137	713.400
2144	713.400
2152	713.400
2232	713.400
2283	713.400
2330	713.400
2336	713.400
2340	713.400
2348	713.400
2415	713.400
2425	713.400
2449	713.400
2466	713.400
2492	713.400
2545	713.400
2568	713.400
2588	713.400
2612	713.400
2634	713.400
2073	713.500
2118	713.500
2129	713.500
2154	713.500
2187	713.500
2215	713.500
2240	713.500
2250	713.500
2281	713.500
2324	713.500
2344	713.500
2357	713.500
2375	713.500
2377	713.500
2378	713.500
2383	713.500
2435	713.500
2487	713.500
2528	713.500
2554	713.500
2597	713.500
2650	713.500
2095	713.600
2241	713.600
2352	713.600
2384	713.600
2405	713.600
2640	713.600
2113	713.700
2139	713.700
2079	713.800
2359	715.700
2555	715.800
2115	716.000
2646	716.000
2090	716.300
2291	742.400
2132	742.700
2168	743.200
2603	743.200
2143	743.300
2395	743.300
2517	743.300
2635	743.300
2646	743.300
2444	743.400
2607	743.400
2090	743.500
2120	743.600
2221	743.600
2443	743.600
2394	743.700
2448	743.700
2496	743.700
2639	743.700
2464	743.800
2500	743.800
2580	743.800
2585	743.800
2602	743.800
2615	743.800
2408	743.900
2450	743.900
2513	743.900
2576	743.900
2608	743.900
2123	744.000
2244	744.000
2266	744.000
2503	744.000
2224	744.100
2477	744.100
2572	744.100
2335	744.200
2651	744.200
2086	744.300
2269	744.300
2329	744.300
2533	744.300
2390	744.400
2178	744.500
2367	744.600
2322	744.700
2649	744.700
2555	744.800
2541	745.800
2287	746.100
2460	758.300
2120	758.500
2512	758.500
2257	758.600
2610	758.600
2636	758.700
2110	758.800
2132	759.000
2246	759.000
2435	759.000
2481	759.000
2513	759.000
2450	759.100
2510	759.100
2639	759.100
2143	759.200
2230	759.200
2287	759.200
2428	759.200
2614	759.200
2325	759.300
2395	759.300
2410	759.300
2471	759.300
2570	759.300
2249	759.400
2378	759.400
2448	759.400
2607	759.400
2623	759.400
2090	759.500
2168	759.500
2175	759.500
2244	759.500
2446	759.500
2549	759.500
2646	759.500
2114	759.600
2271	759.600
2329	759.600
2345	759.600
2381	759.600
2392	759.600
2464	759.600
2495	759.600
2534	759.600
2585	759.600
2085	759.700
2099	759.700
2165	759.700
2178	759.700
2214	759.700
2225	759.700
2229	759.700
2309	759.700
2313	759.700
2394	759.700
2427	759.700
2456	759.700
2505	759.700
2517	759.700
2566	759.700
2615	759.700
2628	759.700
2148	759.800
2179	759.800
2182	759.800
2266	759.800
2377	759.800
2442	759.800
2500	759.800
2533	759.800
2604	759.800
2620	759.800
2626	759.800
2238	759.900
2291	759.900
2304	759.900
2311	759.900
2390	759.900
2477	759.900
2480	759.900
2574	759.900
2576	759.900
2580	759.900
2602	759.900
2635	759.900
2649	759.900
2072	760.000
2086	760.000
2169	760.000
2221	760.000
2367	760.000
2443	760.000
2509	760.000
2523	760.000
2575	760.000
2121	760.100
2185	760.100
2234	760.100
2290	760.100
2357	760.100
2537	760.100
2572	760.100
2108	760.200
2131	760.200
2177	760.200
2275	760.200
2318	760.200
2439	760.200
2440	760.200
2267	760.300
2319	760.300
2369	760.300
2382	760.300
2484	760.300
2633	760.300
2150	760.400
2204	760.400
2444	760.400
2501	760.400
2087	760.500
2093	760.500
2224	760.500
2401	760.500
2116	760.600
2146	760.600
2376	760.600
2609	760.600
2138	760.700
2415	760.700
2526	760.700
2555	760.800
2557	760.800
2567	760.800
2276	760.900
2548	761.100
2109	761.300
2203	761.300
2582	761.300
2079	761.400
2180	761.600
2144	761.900
2168	778.600
2174	779.000
2244	779.000
2359	779.000
2607	779.100
2646	779.100
2287	779.200
2325	779.200
2615	779.200
2175	779.300
2178	779.300
2249	779.300
2271	779.300
2442	779.300
2464	779.300
2541	779.300
2090	779.400
2123	779.400
2224	779.400
2394	779.400
2450	779.400
2481	779.400
2649	779.400
2072	779.500
2120	779.500
2132	779.500
2143	779.500
2252	779.500
2306	779.500
2408	779.500
2460	779.500
2565	779.500
2635	779.500
2636	779.500
2642	779.500
2139	779.600
2181	779.600
2257	779.600
2309	779.600
2331	779.600
2337	779.600
2377	779.600
2448	779.600
2533	779.600
2555	779.600
2575	779.600
2605	779.600
2628	779.600
2633	779.600
2639	779.600
2086	779.700
2146	779.700
2150	779.700
2238	779.700
2352	779.700
2395	779.700
2435	779.700
2477	779.700
2503	779.700
2574	779.700
2585	779.700
2085	779.800
2096	779.800
2125	779.800
2203	779.800
2215	779.800
2221	779.800
2225	779.800
2229	779.800
2246	779.800
2265	779.800
2278	779.800
2381	779.800
2390	779.800
2410	779.800
2500	779.800
2509	779.800
2512	779.800
2526	779.800
2570	779.800
2580	779.800
2603	779.800
2114	779.900
2177	779.900
2230	779.900
2236	779.900
2275	779.900
2373	779.900
2376	779.900
2429	779.900
2439	779.900
2444	779.900
2456	779.900
2497	779.900
2510	779.900
2531	779.900
2550	779.900
2602	779.900
2609	779.900
2610	779.900
2614	779.900
2632	779.900
2105	780.000
2131	780.000
2186	780.000
2212	780.000
2276	780.000
2290	780.000
2305	780.000
2329	780.000
2369	780.000
2422	780.000
2438	780.000
2440	780.000
2484	780.000
2513	780.000
2517	780.000
2548	780.000
2582	780.000
2589	780.000
2644	780.000
2093	780.100
2098	780.100
2108	780.100
2115	780.100
2163	780.100
2179	780.100
2194	780.100
2233	780.100
2301	780.100
2308	780.100
2380	780.100
2401	780.100
2458	780.100
2488	780.100
2496	780.100
2520	780.100
2523	780.100
2566	780.100
2576	780.100
2648	780.100
2099	780.200
2124	780.200
2157	780.200
2463	780.200
2489	780.200
2521	780.200
2537	780.200
2557	780.200
2562	780.200
2567	780.200
2116	780.300
2127	780.300
2367	780.300
2475	780.300
2563	780.300
2087	780.400
2094	780.400
2138	780.400
2145	780.400
2234	780.400
2266	780.400
2392	780.400
2427	780.400
2451	780.400
2505	780.400
2522	780.400
2606	780.400
2647	780.400
2184	780.500
2201	780.500
2414	780.500
2441	780.500
2397	780.600
2443	780.600
2153	780.900
2357	782.000
2513	801.600
2394	801.700
2512	801.700
2448	801.900
2585	801.900
2072	802.000
2132	802.000
2471	802.200
2576	802.200
2607	802.200
2635	802.200
2636	802.200
2168	802.300
2175	802.300
2178	802.300
2230	802.300
2453	802.300
2533	802.300
2646	802.300
2246	802.400
2410	802.400
2602	802.400
2628	802.400
2649	802.400
2090	802.500
2267	802.500
2290	802.500
2555	802.500
2633	802.500
2096	802.600
2148	802.600
2229	802.600
2271	802.600
2278	802.600
2287	802.600
2484	802.600
2580	802.600
2601	802.600
2143	802.700
2172	802.700
2329	802.700
2381	802.700
2392	802.700
2481	802.700
2570	802.700
2614	802.700
2093	802.800
2131	802.800
2224	802.800
2269	802.800
2276	802.800
2415	802.800
2435	802.800
2517	802.800
2520	802.800
2606	802.800
2069	802.900
2086	802.900
2179	802.900
2244	802.900
2249	802.900
2309	802.900
2395	802.900
2464	802.900
2605	802.900
2089	803.000
2150	803.000
2221	803.000
2427	803.000
2438	803.000
2451	803.000
2510	803.000
2521	803.000
2610	803.000
2615	803.000
2110	803.100
2163	803.100
2181	803.100
2184	803.100
2265	803.100
2266	803.100
2325	803.100
2345	803.100
2369	803.100
2380	803.100
2440	803.100
2456	803.100
2503	803.100
2541	803.100
2574	803.100
2645	803.100
2105	803.200
2120	803.200
2127	803.200
2210	803.200
2212	803.200
2291	803.200
2525	803.200
2577	803.200
2586	803.200
2647	803.200
2114	803.300
2138	803.300
2174	803.300
2182	803.300
2186	803.300
2194	803.300
2401	803.300
2419	803.300
2561	803.300
2562	803.300
2575	803.300
2115	803.400
2173	803.400
2450	803.400
2098	803.500
2233	803.500
2289	803.500
2376	803.500
2378	803.500
2399	803.500
2331	803.600
2372	803.600
2414	803.600
2446	803.600
2557	803.600
2144	803.700
2197	803.700
2201	803.700
2213	803.800
2639	803.800
2153	803.900
2306	803.900
2140	804.000
2234	804.000
2439	804.300
